2 0.8741666666666668 0.7633333333333334 0.23833333333333334 0.3466666666666667
2 0.6741666666666667 0.7150000000000001 0.16833333333333333 0.26333333333333336
2 0.5616666666666666 0.6566666666666667 0.08333333333333334 0.14
2 0.35000000000000003 0.7133333333333334 0.14333333333333334 0.23333333333333334
2 0.24250000000000002 0.6383333333333334 0.07500000000000001 0.11
2 0.18083333333333335 0.66 0.06833333333333334 0.11333333333333334
2 0.41750000000000004 0.6266666666666667 0.058333333333333334 0.09333333333333334
2 0.5733333333333334 0.5316666666666667 0.05333333333333334 0.07666666666666667
2 0.5308333333333334 0.5366666666666667 0.04166666666666667 0.07333333333333333
2 0.8258333333333334 0.5 0.07500000000000001 0.04666666666666667
2 0.9700000000000001 0.48500000000000004 0.05 0.03666666666666667
2 0.29333333333333333 0.6266666666666667 0.030000000000000002 0.04666666666666667
