2 0.225 0.7821670428893904 0.065 0.09706546275395032
2 0.925625 0.927765237020316 0.09625 0.1309255079006772
2 0.640625 0.9458239277652369 0.09625 0.09932279909706546
2 0.8175 0.9638826185101579 0.1075 0.06772009029345372
2 0.333125 0.8239277652370203 0.06875 0.1218961625282167
2 0.195625 0.7144469525959367 0.058750000000000004 0.07449209932279909
2 0.64875 0.6884875846501128 0.055 0.0857787810383747
2 0.685625 0.6557562076749435 0.03625 0.07449209932279909
2 0.74 0.6207674943566591 0.04 0.05869074492099322
2 0.706875 0.5586907449209931 0.03625 0.0474040632054176
2 0.6587500000000001 0.6264108352144468 0.04 0.05191873589164785
2 0.3325 0.7449209932279909 0.07 0.06320541760722347
2 0.29812500000000003 0.6681715575620767 0.04875 0.06320541760722347
2 0.193125 0.6297968397291196 0.043750000000000004 0.05417607223476298
2 0.36875 0.6072234762979684 0.0425 0.05869074492099322
2 0.43125 0.6331828442437922 0.04 0.0564334085778781
2 0.45437500000000003 0.5711060948081264 0.03125 0.040632054176072234
2 0.418125 0.520316027088036 0.02875 0.0474040632054176
2 0.39375 0.5474040632054176 0.035 0.05191873589164785
2 0.37875000000000003 0.5146726862302483 0.03 0.03611738148984198
5 0.88125 0.7821670428893904 0.1125 0.22347629796839727
1 0.060625 0.7821670428893904 0.11875000000000001 0.22799097065462753
5 0.48562500000000003 0.45823927765237016 0.03375 0.07223476297968397
