4 0.29 0.703125 0.165 0.5892857142857143
2 0.5 0.5189732142857143 0.115 0.21205357142857142
2 0.8456250000000001 0.5167410714285714 0.13875 0.18973214285714285
2 0.5750000000000001 0.4698660714285714 0.06 0.12276785714285714
2 0.6225 0.4921875 0.0825 0.11830357142857142
2 0.090625 0.6573660714285714 0.17375000000000002 0.671875
5 0.234375 0.3727678571428571 0.13875 0.24553571428571427
2 0.42812500000000003 0.4854910714285714 0.11625 0.234375
3 0.340625 0.5301339285714285 0.051250000000000004 0.11383928571428571
3 0.411875 0.5825892857142857 0.06625 0.18303571428571427
4 0.34750000000000003 0.47209821428571425 0.0425 0.13616071428571427
4 0.42 0.515625 0.065 0.20535714285714285
2 0.12687500000000002 0.5680803571428571 0.09125 0.3727678571428571
