2 0.7738281250000001 0.7483731019522777 0.055468750000000004 0.060737527114967466
2 0.439453125 0.740238611713666 0.05859375 0.057483731019522775
4 0.6863281250000001 0.8058568329718004 0.039843750000000004 0.13449023861171366
2 0.534375 0.7386117136659436 0.051562500000000004 0.049891540130151846
1 0.16640625 0.688177874186551 0.06406250000000001 0.09652928416485901
1 0.24765625000000002 0.6973969631236443 0.0546875 0.10412147505422994
1 0.6351562500000001 0.722885032537961 0.046875 0.0683297180043384
1 0.44648437500000004 0.6990238611713666 0.03671875 0.04663774403470716
1 0.563671875 0.7163774403470716 0.041406250000000006 0.04880694143167028
2 0.7328125000000001 0.7304772234273319 0.0328125 0.04663774403470716
2 0.482421875 0.7283080260303688 0.039843750000000004 0.044468546637744036
2 0.2390625 0.7299349240780911 0.0484375 0.04772234273318872
2 0.3015625 0.7212581344902387 0.0390625 0.04338394793926247
2 0.3296875 0.7125813449023861 0.026562500000000003 0.04121475054229935
0 0.6828125 0.8611713665943601 0.029687500000000002 0.10412147505422994
