2 0.053497942386831275 0.7924290220820189 0.10699588477366255 0.11482649842271295
2 0.3582304526748971 0.7630914826498423 0.07119341563786008 0.09526813880126184
2 0.5905349794238683 0.7517350157728707 0.04197530864197531 0.04353312302839117
2 0.9510288065843622 0.8236593059936909 0.097119341563786 0.28454258675078864
2 0.9006172839506172 0.7946372239747634 0.04567901234567901 0.077602523659306
2 0.6858024691358025 0.7940063091482651 0.11316872427983539 0.14826498422712936
2 0.3069958847736625 0.7280757097791799 0.03868312757201646 0.046687697160883286
2 0.3288065843621399 0.7435331230283913 0.01728395061728395 0.038485804416403785
2 0.4611111111111111 0.6788643533123029 0.023456790123456788 0.03028391167192429
2 0.4845679012345679 0.661198738170347 0.020164609053497942 0.023974763406940065
2 0.5032921810699589 0.6463722397476341 0.023868312757201644 0.025867507886435333
2 0.5251028806584362 0.6652996845425868 0.022222222222222223 0.033438485804416405
2 0.5450617283950617 0.6473186119873817 0.020987654320987655 0.0277602523659306
2 0.5788065843621399 0.6523659305993691 0.023456790123456788 0.03028391167192429
2 0.5378600823045268 0.6217665615141956 0.022222222222222223 0.025867507886435333
2 0.588477366255144 0.6129337539432177 0.014814814814814815 0.022082018927444796
2 0.5693415637860082 0.6107255520504732 0.011934156378600822 0.015141955835962145
2 0.5574074074074074 0.614826498422713 0.011111111111111112 0.014511041009463724
2 0.6119341563786008 0.6186119873817035 0.012345679012345678 0.01577287066246057
2 0.6018518518518519 0.6113564668769716 0.012757201646090535 0.015141955835962145
2 0.6512345679012346 0.6296529968454259 0.01440329218106996 0.016403785488958992
2 0.6152263374485597 0.7151419558359622 0.03292181069958848 0.02965299684542587
2 0.7164609053497942 0.6763406940063093 0.02139917695473251 0.022712933753943218
2 0.7345679012345678 0.6943217665615142 0.024691358024691357 0.01829652996845426
2 0.7135802469135802 0.7082018927444795 0.023868312757201644 0.024605678233438486
2 0.7444444444444445 0.7261829652996846 0.03292181069958848 0.04794952681388013
2 0.6761316872427984 0.641640378548896 0.01810699588477366 0.022712933753943218
2 0.7242798353909465 0.6615141955835963 0.02551440329218107 0.0359621451104101
5 0.08477366255144032 0.7362776025236594 0.14156378600823044 0.17917981072555206
5 0.6759259259259259 0.6876971608832808 0.04897119341563786 0.06182965299684543
5 0.7148148148148148 0.6296529968454259 0.02633744855967078 0.06309148264984228
