2 0.3796875 0.639218009478673 0.1125 0.11966824644549764
2 0.280859375 0.658175355450237 0.11171875 0.15284360189573462
2 0.757421875 0.6469194312796209 0.13359375 0.16113744075829384
2 0.153125 0.662914691943128 0.1921875 0.22867298578199055
2 0.476171875 0.6214454976303319 0.07734375 0.08412322274881517
2 0.58125 0.6149289099526066 0.1234375 0.16587677725118485
2 0.6687500000000001 0.6018957345971564 0.0703125 0.08530805687203792
2 0.8640625000000001 0.5936018957345972 0.021875000000000002 0.06161137440758294
2 0.895703125 0.5906398104265403 0.047656250000000004 0.06753554502369669
1 0.78046875 0.561611374407583 0.153125 0.2227488151658768
1 0.6648437500000001 0.5533175355450237 0.07500000000000001 0.07345971563981044
