2 0.31640625 0.61875 0.07968750000000001 0.115625
2 0.42890625000000004 0.775 0.09843750000000001 0.184375
2 0.4 0.58203125 0.065625 0.0921875
2 0.6101562500000001 0.8078125 0.09843750000000001 0.17500000000000002
2 0.016015625000000002 0.71875 0.030468750000000003 0.21250000000000002
2 0.479296875 0.5484375 0.05078125 0.0625
2 0.517578125 0.53359375 0.032031250000000004 0.060937500000000006
2 0.52109375 0.6375000000000001 0.0859375 0.140625
2 0.651953125 0.6265625 0.07109375 0.1125
2 0.7152343750000001 0.5796875 0.057031250000000006 0.09375
2 0.7644531250000001 0.5515625000000001 0.057031250000000006 0.07500000000000001
2 0.15781250000000002 0.6109375 0.0921875 0.1625
