2 0.666015625 0.7965277777777778 0.25234375000000003 0.35694444444444445
2 0.26601562500000003 0.7923611111111112 0.29921875000000003 0.34305555555555556
2 0.909375 0.6638888888888889 0.1796875 0.2638888888888889
2 0.794921875 0.6284722222222222 0.11328125 0.18472222222222223
2 0.07695312500000001 0.8027777777777778 0.15234375 0.39166666666666666
2 0.46523437500000003 0.675 0.08046875 0.15555555555555556
2 0.614453125 0.6319444444444444 0.12265625000000001 0.14722222222222223
2 0.40156250000000004 0.7152777777777778 0.14375000000000002 0.22777777777777777
2 0.480078125 0.6548611111111111 0.08203125 0.14305555555555557
2 0.50703125 0.6298611111111111 0.08281250000000001 0.12361111111111112
2 0.7406250000000001 0.6 0.043750000000000004 0.09444444444444444
2 0.047656250000000004 0.6291666666666667 0.0765625 0.075
2 0.9753906250000001 0.7180555555555556 0.041406250000000006 0.31666666666666665
