2 0.508984375 0.5401785714285714 0.13046875 0.17729591836734693
2 0.846875 0.5420918367346939 0.12187500000000001 0.11989795918367346
5 0.7449218750000001 0.44706632653061223 0.12578125 0.31505102040816324
4 0.01171875 0.5197704081632653 0.021875000000000002 0.12627551020408162
4 0.067578125 0.5306122448979591 0.01953125 0.09183673469387754
2 0.07265625 0.5363520408163265 0.05 0.06505102040816325
2 0.09648437500000001 0.520408163265306 0.03359375 0.07397959183673469
2 0.21601562500000002 0.5338010204081632 0.13203125000000002 0.09056122448979591
2 0.263671875 0.5191326530612245 0.06328125 0.07653061224489795
2 0.374609375 0.524234693877551 0.11328125 0.2040816326530612
2 0.444921875 0.5363520408163265 0.03671875 0.10841836734693877
2 0.584375 0.5497448979591836 0.046875 0.13520408163265304
2 0.59921875 0.5216836734693877 0.0546875 0.1301020408163265
2 0.6296875000000001 0.5121173469387754 0.028125 0.149234693877551
5 0.619140625 0.4942602040816326 0.08046875 0.17474489795918366
