2 0.899609375 0.33125000000000004 0.08984375 0.14375000000000002
2 0.804296875 0.28515625 0.055468750000000004 0.0765625
2 0.19882812500000002 0.51484375 0.30078125 0.37031250000000004
2 0.6875 0.32265625000000003 0.09375 0.22031250000000002
2 0.755859375 0.24140625000000002 0.03359375 0.0578125
2 0.978125 0.24453125 0.0421875 0.07968750000000001
2 0.93671875 0.2 0.034375 0.05625
2 0.866796875 0.19296875000000002 0.032031250000000004 0.045312500000000006
2 0.8308593750000001 0.17578125 0.02421875 0.0390625
2 0.6761718750000001 0.1640625 0.01953125 0.03125
3 0.548828125 0.31640625 0.017968750000000002 0.051562500000000004
4 0.548046875 0.28828125 0.017968750000000002 0.0734375
