2 0.523828125 0.8368055555555556 0.19140625 0.28750000000000003
2 0.119140625 0.7986111111111112 0.18984375 0.2111111111111111
2 0.8078125 0.7993055555555556 0.16562500000000002 0.23472222222222222
2 0.6109375 0.7798611111111111 0.059375000000000004 0.15694444444444444
2 0.447265625 0.7472222222222222 0.05234375 0.09166666666666667
2 0.268359375 0.7395833333333334 0.12109375 0.1625
2 0.5421875 0.6763888888888889 0.053125000000000006 0.058333333333333334
2 0.6566406250000001 0.7486111111111111 0.017968750000000002 0.09444444444444444
2 0.6273437500000001 0.75 0.043750000000000004 0.125
2 0.7000000000000001 0.7097222222222223 0.034375 0.061111111111111116
2 0.737890625 0.7458333333333333 0.047656250000000004 0.1388888888888889
4 0.919921875 0.7659722222222223 0.02890625 0.12916666666666668
