2 0.31640625 0.61875 0.07968750000000001 0.115625
2 0.42890625000000004 0.775 0.09843750000000001 0.184375
2 0.4 0.58203125 0.065625 0.0921875
2 0.6101562500000001 0.8078125 0.09843750000000001 0.17500000000000002
2 0.156640625 0.6125 0.09765625 0.16562500000000002
2 0.014453125 0.71796875 0.02890625 0.2015625
2 0.521484375 0.6375000000000001 0.08984375 0.140625
2 0.65390625 0.63046875 0.07187500000000001 0.1265625
2 0.716796875 0.5859375 0.055468750000000004 0.1
2 0.765234375 0.5578125 0.04453125 0.07500000000000001
2 0.51171875 0.5328125 0.046875 0.0625
2 0.478125 0.553125 0.045312500000000006 0.065625
