2 0.24335937500000002 0.7569444444444444 0.23828125 0.34444444444444444
2 0.064453125 0.6506944444444445 0.10546875 0.12361111111111112
2 0.38828125 0.6472222222222223 0.1125 0.14166666666666666
2 0.302734375 0.48680555555555555 0.03671875 0.05416666666666667
2 0.53046875 0.6548611111111111 0.0890625 0.08750000000000001
2 0.663671875 0.6465277777777778 0.07734375 0.12361111111111112
2 0.7210937500000001 0.6361111111111112 0.045312500000000006 0.07222222222222223
2 0.48085937500000003 0.4326388888888889 0.030468750000000003 0.04583333333333334
2 0.6937500000000001 0.47361111111111115 0.035937500000000004 0.044444444444444446
2 0.590234375 0.6340277777777779 0.05390625 0.09027777777777778
2 0.3484375 0.44722222222222224 0.03125 0.036111111111111115
2 0.36171875000000003 0.4791666666666667 0.0390625 0.044444444444444446
2 0.358984375 0.5388888888888889 0.041406250000000006 0.061111111111111116
2 0.634765625 0.6111111111111112 0.02109375 0.044444444444444446
2 0.748046875 0.5090277777777777 0.03515625 0.04583333333333334
2 0.780859375 0.42638888888888893 0.02890625 0.04166666666666667
2 0.646484375 0.45625000000000004 0.03359375 0.04027777777777778
2 0.654296875 0.4326388888888889 0.02890625 0.034722222222222224
5 0.19687500000000002 0.5361111111111111 0.0625 0.08888888888888889
