2 0.523828125 0.8368055555555556 0.19140625 0.28750000000000003
2 0.119140625 0.7986111111111112 0.18984375 0.2111111111111111
2 0.8078125 0.7993055555555556 0.16562500000000002 0.23472222222222222
2 0.6109375 0.7798611111111111 0.059375000000000004 0.15694444444444444
2 0.447265625 0.7472222222222222 0.05234375 0.09166666666666667
2 0.267578125 0.7375 0.11640625 0.1638888888888889
2 0.5421875 0.6777777777777778 0.051562500000000004 0.05555555555555556
2 0.6976562500000001 0.7055555555555556 0.03125 0.05
2 0.7386718750000001 0.7465277777777778 0.04296875 0.12916666666666668
2 0.65390625 0.7402777777777778 0.026562500000000003 0.08888888888888889
4 0.91953125 0.7652777777777778 0.026562500000000003 0.13055555555555556
