1 0.720703125 0.5113500597371565 0.23203125000000002 0.4970131421744325
2 0.055859375 0.6971326164874552 0.11171875 0.24970131421744324
2 0.146484375 0.6869772998805257 0.07734375 0.17204301075268816
2 0.055078125000000006 0.7204301075268816 0.07265625 0.20071684587813618
2 0.122265625 0.7031063321385902 0.047656250000000004 0.17323775388291515
2 0.187890625 0.6660692951015531 0.03359375 0.15651135005973715
2 0.212890625 0.6702508960573477 0.01640625 0.13620071684587812
2 0.2265625 0.6642771804062126 0.021875000000000002 0.16009557945041816
2 0.255859375 0.6600955794504181 0.02734375 0.13978494623655913
2 0.280859375 0.6439665471923536 0.02109375 0.1075268817204301
2 0.29453125 0.6367980884109916 0.0234375 0.08602150537634408
2 0.49843750000000003 0.5979689366786141 0.1171875 0.2162485065710872
4 0.911328125 0.632616487455197 0.03515625 0.2043010752688172
4 0.8871093750000001 0.6397849462365591 0.03828125 0.18518518518518517
