2 0.409765625 0.7414012738853503 0.29765625 0.36942675159235666
2 0.7058593750000001 0.5707006369426751 0.09453125000000001 0.12738853503184713
2 0.594140625 0.6363057324840764 0.15703125 0.22802547770700635
2 0.925 0.6312101910828025 0.11875000000000001 0.15159235668789808
2 0.09375 0.7923566878980891 0.1875 0.41019108280254774
2 0.694921875 0.43057324840764327 0.05078125 0.061146496815286625
2 0.89453125 0.5668789808917197 0.084375 0.10700636942675158
2 0.48164062500000004 0.5445859872611465 0.08515625 0.0751592356687898
2 0.26210937500000003 0.6414012738853503 0.15234375 0.20509554140127387
2 0.8171875000000001 0.4095541401273885 0.046875 0.05222929936305732
2 0.90625 0.3987261146496815 0.035937500000000004 0.05095541401273885
2 0.10625000000000001 0.532484076433121 0.08750000000000001 0.06878980891719745
2 0.13984375000000002 0.4579617834394904 0.07187500000000001 0.0929936305732484
2 0.287890625 0.44267515923566875 0.05390625 0.06751592356687898
2 0.284375 0.4980891719745223 0.06875 0.04076433121019108
2 0.48281250000000003 0.4095541401273885 0.040625 0.05477707006369426
2 0.53359375 0.3885350318471337 0.0390625 0.033121019108280254
2 0.5437500000000001 0.3579617834394904 0.0328125 0.035668789808917196
2 0.586328125 0.37070063694267513 0.03828125 0.04331210191082802
5 0.9144531250000001 0.3248407643312102 0.05390625 0.12229299363057325
5 0.35390625000000003 0.38025477707006367 0.065625 0.17961783439490445
5 0.437109375 0.3305732484076433 0.05859375 0.11592356687898088
5 0.5015625 0.3089171974522293 0.060937500000000006 0.08789808917197452
5 0.579296875 0.3057324840764331 0.047656250000000004 0.08917197452229299
2 0.060546875 0.6522292993630573 0.11328125 0.2343949044585987
