2 0.566796875 0.7654702970297029 0.13046875 0.14232673267326734
2 0.32148437500000004 0.7821782178217822 0.21640625000000002 0.17326732673267328
2 0.688671875 0.6974009900990099 0.041406250000000006 0.053217821782178217
4 0.33046875000000003 0.7642326732673267 0.09531250000000001 0.24133663366336633
4 0.46992187500000004 0.7295792079207921 0.030468750000000003 0.10272277227722773
3 0.466796875 0.7530940594059407 0.03359375 0.06806930693069307
2 0.10312500000000001 0.7066831683168316 0.09375 0.09405940594059406
2 0.025390625 0.7023514851485149 0.05078125 0.12252475247524752
2 0.7503906250000001 0.6707920792079208 0.02734375 0.04455445544554455
3 0.30859375 0.8483910891089109 0.08750000000000001 0.1844059405940594
