2 0.3328125 0.8698547215496368 0.09843750000000001 0.10774818401937046
2 0.9453125 0.6719128329297821 0.0546875 0.07021791767554479
2 0.9 0.62409200968523 0.045312500000000006 0.06174334140435836
2 0.9460937500000001 0.6398305084745763 0.05625 0.06174334140435836
2 0.4140625 0.665859564164649 0.05625 0.06537530266343826
2 0.3375 0.7124697336561744 0.06406250000000001 0.07627118644067797
2 0.868359375 0.6041162227602905 0.025781250000000002 0.06053268765133172
2 0.8382812500000001 0.5671912832929782 0.029687500000000002 0.039951573849878935
2 0.9167968750000001 0.5756658595641647 0.01953125 0.03753026634382567
2 0.878125 0.5556900726392252 0.026562500000000003 0.031476997578692496
2 0.8894531250000001 0.572639225181598 0.01640625 0.02179176755447942
2 0.95078125 0.5659806295399517 0.025 0.03268765133171913
2 0.95078125 0.6125907990314771 0.043750000000000004 0.04842615012106538
2 0.798046875 0.49515738498789347 0.030468750000000003 0.02421307506053269
2 0.8011718750000001 0.5084745762711864 0.017968750000000002 0.029055690072639227
2 0.819921875 0.5562953995157385 0.017968750000000002 0.03753026634382567
2 0.576171875 0.4963680387409201 0.02109375 0.029055690072639227
2 0.9812500000000001 0.639225181598063 0.0234375 0.06295399515738499
