2 0.111328125 0.816875 0.16328125000000002 0.22625
2 0.735546875 0.863125 0.19921875 0.24125
2 0.441015625 0.884375 0.18359375 0.21625
2 0.895703125 0.48375 0.11171875 0.1575
2 0.421484375 0.476875 0.12890625 0.13375
2 0.6117187500000001 0.51875 0.125 0.15
2 0.5281250000000001 0.686875 0.1625 0.20375000000000001
2 0.8148437500000001 0.668125 0.1546875 0.19375
2 0.45546875000000003 0.39 0.11093750000000001 0.11750000000000001
2 0.05234375 0.41250000000000003 0.10312500000000001 0.1125
2 0.66796875 0.4025 0.09062500000000001 0.125
2 0.739453125 0.295625 0.08828125 0.11875000000000001
2 0.8660156250000001 0.39937500000000004 0.09453125000000001 0.12875
2 0.6058593750000001 0.251875 0.07734375 0.10875
2 0.841796875 0.135 0.05859375 0.0825
2 0.7191406250000001 0.135 0.06640625 0.08
2 0.76953125 0.061875 0.051562500000000004 0.06625
2 0.3171875 0.225625 0.08281250000000001 0.09375
2 0.25078125 0.171875 0.07500000000000001 0.08375
5 0.940625 0.153125 0.11093750000000001 0.25375000000000003
