2 0.447265625 0.8863095238095239 0.13203125000000002 0.1273809523809524
2 0.626171875 0.817857142857143 0.08671875000000001 0.05476190476190477
3 0.8875000000000001 0.8482142857142858 0.018750000000000003 0.048809523809523817
2 0.08671875000000001 0.8922619047619048 0.1265625 0.16785714285714287
2 0.240234375 0.8410714285714287 0.03515625 0.036904761904761905
4 0.30195312500000004 0.8464285714285715 0.017968750000000002 0.07380952380952381
4 0.31757812500000004 0.8452380952380953 0.017968750000000002 0.07857142857142858
4 0.698828125 0.8333333333333334 0.01640625 0.07857142857142858
4 0.6800781250000001 0.8363095238095238 0.013281250000000001 0.07261904761904762
4 0.66328125 0.8303571428571429 0.0140625 0.06309523809523811
4 0.8871093750000001 0.8220238095238096 0.025781250000000002 0.05833333333333334
