2 0.567578125 0.9366286438529784 0.09140625000000001 0.1191381495564005
2 0.7156250000000001 0.9334600760456273 0.09375 0.12801013941698353
2 0.11171875 0.8168567807351077 0.07968750000000001 0.10012674271229403
2 0.209765625 0.8086185044359949 0.07890625000000001 0.10646387832699619
2 0.66953125 0.8967046894803549 0.0890625 0.12801013941698353
1 0.8679687500000001 0.838403041825095 0.240625 0.302915082382763
5 0.55 0.5754119138149556 0.05 0.09885931558935361
1 0.93125 0.873891001267427 0.1234375 0.22686945500633712
1 0.759375 0.7585551330798479 0.1203125 0.21166032953105196
1 0.030078125 0.7351077313054499 0.05390625 0.16476552598225602
5 0.5378906250000001 0.8662864385297845 0.09765625 0.14575411913814953
2 0.5710937500000001 0.8212927756653992 0.0703125 0.07604562737642585
2 0.7058593750000001 0.8162230671736375 0.08203125 0.07604562737642585
2 0.602734375 0.5899873257287706 0.039843750000000004 0.04435994930291508
2 0.23671875 0.6330798479087452 0.0421875 0.06463878326996197
2 0.246484375 0.7496831432192649 0.06640625 0.12801013941698353
2 0.290234375 0.7522179974651457 0.022656250000000003 0.11026615969581749
2 0.144140625 0.7724968314321926 0.03828125 0.07224334600760456
2 0.08867187500000001 0.7072243346007604 0.049218750000000006 0.07858048162230671
2 0.019140625 0.8136882129277566 0.03515625 0.11660329531051963
2 0.118359375 0.6717363751584283 0.04296875 0.07858048162230671
1 0.35703125 0.5874524714828897 0.0421875 0.08238276299112801
4 0.19765625 0.670468948035488 0.0203125 0.07097591888466413
4 0.5164062500000001 0.6546261089987325 0.018750000000000003 0.06463878326996197
2 0.6585937500000001 0.8187579214195183 0.03125 0.05830164765525982
