1 0.625 0.6877346683354193 0.13593750000000002 0.2590738423028786
1 0.722265625 0.7165206508135169 0.039843750000000004 0.07384230287859825
4 0.04609375 0.7678347934918649 0.03125 0.10137672090112641
4 0.31679687500000003 0.7509386733416771 0.01015625 0.06508135168961202
4 0.33046875000000003 0.7490613266583229 0.010937500000000001 0.058823529411764705
4 0.366796875 0.746558197747184 0.013281250000000001 0.06382978723404255
4 0.48203125 0.737171464330413 0.010937500000000001 0.05506883604505632
4 0.49648437500000003 0.7359198998748435 0.00859375 0.04005006257822278
4 0.52578125 0.7359198998748435 0.009375000000000001 0.03754693366708386
4 0.8519531250000001 0.7903629536921152 0.03671875 0.20400500625782228
4 0.822265625 0.7665832290362954 0.01953125 0.1439299123904881
4 0.8031250000000001 0.7459324155193993 0.0140625 0.07509386733416772
4 0.7839843750000001 0.7459324155193993 0.014843750000000001 0.07509386733416772
4 0.8832031250000001 0.762828535669587 0.02109375 0.09887359198998749
0 0.48164062500000004 0.7509386733416771 0.017968750000000002 0.030037546933667086
0 0.49648437500000003 0.7503128911138924 0.014843750000000001 0.028785982478097622
0 0.526953125 0.7509386733416771 0.01953125 0.02002503128911139
