2 0.520703125 0.6243055555555556 0.11640625 0.18194444444444446
2 0.7195312500000001 0.6236111111111111 0.07187500000000001 0.08611111111111111
2 0.3375 0.5861111111111111 0.0546875 0.05277777777777778
2 0.212890625 0.5736111111111112 0.10078125 0.09166666666666667
2 0.290625 0.576388888888889 0.0578125 0.0638888888888889
2 0.669921875 0.6041666666666667 0.039843750000000004 0.058333333333333334
2 0.6296875000000001 0.5972222222222222 0.026562500000000003 0.036111111111111115
2 0.5890625 0.5958333333333333 0.0203125 0.05
5 0.42578125 0.5520833333333334 0.06875 0.10972222222222222
5 0.5261718750000001 0.48750000000000004 0.10859375 0.29444444444444445
