2 0.505859375 0.8585858585858587 0.11640625 0.1234567901234568
2 0.2234375 0.8484848484848485 0.1 0.09876543209876544
2 0.28515625 0.8350168350168351 0.0765625 0.08529741863075196
2 0.090234375 0.840628507295174 0.14453125 0.1661054994388328
2 0.688671875 0.8209876543209877 0.05234375 0.07744107744107745
2 0.626953125 0.8322109988776656 0.09765625 0.11560044893378228
2 0.4265625 0.8389450056116724 0.07968750000000001 0.08866442199775534
2 0.770703125 0.8041526374859709 0.05234375 0.052749719416386086
2 0.330859375 0.8243546576879911 0.07421875 0.09764309764309766
2 0.17890625000000002 0.803591470258137 0.059375000000000004 0.06958473625140292
2 0.582421875 0.82996632996633 0.025781250000000002 0.10437710437710439
2 0.718359375 0.8024691358024693 0.03515625 0.07407407407407408
2 0.5578125 0.8063973063973064 0.03125 0.0617283950617284
2 0.38046875 0.8232323232323233 0.040625 0.08641975308641976
