1 0.46015625000000004 0.8898305084745763 0.12812500000000002 0.21307506053268765
1 0.6316406250000001 0.860774818401937 0.12578125 0.19128329297820823
2 0.9070312500000001 0.7596852300242131 0.05 0.06174334140435836
2 0.7781250000000001 0.7336561743341404 0.046875 0.05811138014527845
2 0.5546875 0.8141646489104116 0.0390625 0.06658595641646489
2 0.534765625 0.7723970944309928 0.03515625 0.04358353510895884
2 0.378515625 0.7602905569007264 0.047656250000000004 0.04600484261501211
2 0.448046875 0.7687651331719129 0.03828125 0.036319612590799036
2 0.9640625 0.6567796610169492 0.0390625 0.039951573849878935
2 0.909765625 0.6858353510895884 0.039843750000000004 0.03026634382566586
2 0.9 0.6519370460048426 0.034375 0.03268765133171913
2 0.831640625 0.6404358353510896 0.025781250000000002 0.036319612590799036
2 0.7250000000000001 0.6416464891041163 0.0328125 0.04358353510895884
2 0.6859375000000001 0.6501210653753027 0.0328125 0.04358353510895884
2 0.7175781250000001 0.6803874092009685 0.03671875 0.04358353510895884
2 0.665234375 0.589588377723971 0.025781250000000002 0.04116222760290557
1 0.6218750000000001 0.6192493946731236 0.059375000000000004 0.10774818401937046
1 0.137109375 0.9170702179176756 0.18828125 0.15375302663438256
1 0.219140625 0.9001210653753027 0.06953125 0.15617433414043586
0 0.3453125 0.8450363196125908 0.0140625 0.036319612590799036
0 0.307421875 0.9200968523002422 0.02109375 0.05084745762711865
4 0.276953125 0.812953995157385 0.013281250000000001 0.06658595641646489
4 0.29531250000000003 0.7978208232445521 0.0125 0.05811138014527845
0 0.31953125000000004 0.8238498789346247 0.0140625 0.03753026634382567
4 0.31953125000000004 0.8044794188861986 0.010937500000000001 0.039951573849878935
4 0.30781250000000004 0.8934624697336562 0.0140625 0.053268765133171914
4 0.34687500000000004 0.8238498789346247 0.0140625 0.035108958837772396
