2 0.8021739130434783 0.7075163398692811 0.13043478260869565 0.14705882352941177
2 0.3652173913043478 0.7107843137254902 0.18695652173913044 0.2581699346405229
2 0.6521739130434783 0.6454248366013072 0.06956521739130435 0.08169934640522876
2 0.6130434782608696 0.6111111111111112 0.05652173913043478 0.0784313725490196
2 0.5086956521739131 0.6225490196078431 0.0782608695652174 0.07516339869281045
2 0.3923913043478261 0.5571895424836601 0.05 0.042483660130718956
2 0.026086956521739132 0.5637254901960784 0.052173913043478265 0.049019607843137254
2 0.46304347826086956 0.5359477124183006 0.0391304347826087 0.05228758169934641
1 0.5163043478260869 0.4852941176470588 0.041304347826086954 0.06862745098039216
1 0.1891304347826087 0.5 0.0391304347826087 0.05228758169934641
2 0.14130434782608695 0.542483660130719 0.034782608695652174 0.05228758169934641
2 0.19891304347826086 0.5490196078431373 0.04565217391304348 0.05228758169934641
2 0.557608695652174 0.5506535947712419 0.04565217391304348 0.049019607843137254
2 0.2619565217391304 0.5147058823529412 0.03260869565217391 0.049019607843137254
