2 0.4992150706436421 0.34203296703296704 0.12244897959183675 0.1620879120879121
2 0.8571428571428572 0.25137362637362637 0.09419152276295134 0.12912087912087913
2 0.8406593406593407 0.6098901098901099 0.315541601255887 0.4340659340659341
2 0.42778649921507067 0.2678571428571429 0.0706436420722135 0.09615384615384616
2 0.3014128728414443 0.23351648351648355 0.05023547880690738 0.06593406593406594
2 0.13186813186813187 0.3310439560439561 0.12244897959183675 0.21703296703296704
2 0.5588697017268446 0.18543956043956045 0.0282574568288854 0.030219780219780223
2 0.5855572998430142 0.18681318681318682 0.02511773940345369 0.038461538461538464
2 0.6248037676609105 0.18543956043956045 0.0282574568288854 0.041208791208791215
2 0.696232339089482 0.21840659340659344 0.09262166405023549 0.1675824175824176
2 0.3437990580847724 0.19093406593406595 0.0282574568288854 0.041208791208791215
2 0.2056514913657771 0.6167582417582418 0.3014128728414443 0.43131868131868134
5 0.6781789638932496 0.14285714285714288 0.0565149136577708 0.1043956043956044
