2 0.1845703125 0.8815165876777252 0.16015625 0.23222748815165878
2 0.84814453125 0.8507109004739337 0.0595703125 0.1090047393364929
2 0.74169921875 0.8459715639810427 0.0517578125 0.08530805687203792
2 0.34130859375 0.8281990521327015 0.0673828125 0.1255924170616114
2 0.4580078125 0.8827014218009479 0.109375 0.2156398104265403
2 0.640625 0.8151658767772513 0.037109375 0.08530805687203792
2 0.75927734375 0.8187203791469195 0.0458984375 0.1066350710900474
2 0.61376953125 0.8222748815165878 0.0244140625 0.047393364928909956
5 0.2734375 0.7037914691943129 0.1015625 0.3127962085308057
2 0.40283203125 0.8187203791469195 0.0302734375 0.07345971563981044
