2 0.5791666666666667 0.8180722891566266 0.12833333333333335 0.14698795180722893
2 0.35750000000000004 0.802409638554217 0.14166666666666666 0.13975903614457832
2 0.43083333333333335 0.7795180722891567 0.10166666666666667 0.12771084337349398
2 0.26583333333333337 0.7807228915662652 0.09166666666666667 0.11084337349397591
2 0.6541666666666667 0.7807228915662652 0.07166666666666667 0.0963855421686747
2 0.7633333333333334 0.766265060240964 0.08 0.0963855421686747
2 0.8666666666666667 0.7915662650602411 0.11 0.16626506024096388
2 0.5116666666666667 0.7650602409638555 0.07666666666666667 0.07951807228915664
2 0.12333333333333334 0.7337349397590363 0.08333333333333334 0.06024096385542169
2 0.04 0.7445783132530122 0.08 0.05783132530120483
2 0.23333333333333334 0.7554216867469881 0.07333333333333333 0.0891566265060241
2 0.6941666666666667 0.7602409638554217 0.05166666666666667 0.08433734939759037
2 0.18416666666666667 0.7361445783132531 0.04166666666666667 0.050602409638554224
