1 0.34921875 0.7037974683544304 0.2015625 0.10632911392405063
4 0.2828125 0.3386075949367089 0.16562500000000002 0.2240506329113924
4 0.11484375000000001 0.429746835443038 0.2015625 0.2291139240506329
4 0.5632812500000001 0.15759493670886077 0.1046875 0.11518987341772152
4 0.68671875 0.179746835443038 0.08281250000000001 0.09367088607594937
1 0.73828125 0.47025316455696203 0.1546875 0.06962025316455696
1 0.7375 0.39556962025316456 0.140625 0.04683544303797468
1 0.51875 0.38734177215189874 0.115625 0.06582278481012659
1 0.45234375000000004 0.46772151898734177 0.1546875 0.07721518987341772
1 0.38906250000000003 0.5968354430379746 0.21250000000000002 0.10253164556962026
1 0.1953125 0.890506329113924 0.35000000000000003 0.20632911392405065
1 0.5671875000000001 0.29050632911392404 0.13125 0.11012658227848102
1 0.7546875000000001 0.33164556962025316 0.109375 0.035443037974683546
