1 0.6609375000000001 0.9242424242424243 0.1046875 0.10671936758893281
1 0.41875 0.6765480895915679 0.0625 0.06982872200263505
1 0.7039062500000001 0.7055335968379447 0.0703125 0.08827404479578393
1 0.6468750000000001 0.5764163372859026 0.0546875 0.07246376811594203
1 0.308203125 0.6923583662714098 0.06484375 0.07509881422924901
1 0.703125 0.5678524374176548 0.046875 0.06587615283267458
1 0.52578125 0.5401844532279315 0.0484375 0.06851119894598155
1 0.43281250000000004 0.8636363636363636 0.0921875 0.13306982872200265
1 0.36054687500000004 0.5678524374176548 0.05234375 0.057971014492753624
1 0.8328125000000001 0.650197628458498 0.060937500000000006 0.077733860342556
1 0.58828125 0.5395256916996047 0.043750000000000004 0.056653491436100135
1 0.2515625 0.48418972332015814 0.040625 0.05138339920948617
1 0.169921875 0.6462450592885376 0.08203125 0.11989459815546773
1 0.273046875 0.5862977602108037 0.06015625 0.057971014492753624
1 0.1640625 0.5638998682476943 0.05 0.03162055335968379
1 0.315234375 0.4552042160737813 0.039843750000000004 0.048748353096179184
1 0.310546875 0.5019762845849802 0.04296875 0.047430830039525695
1 0.5546875 0.49341238471673254 0.037500000000000006 0.0461133069828722
1 0.48281250000000003 0.5006587615283268 0.0390625 0.05006587615283268
1 0.45625000000000004 0.47035573122529645 0.0328125 0.047430830039525695
1 0.5140625 0.4670619235836627 0.0390625 0.0461133069828722
1 0.437109375 0.3972332015810277 0.03359375 0.05401844532279315
4 0.168359375 0.48023715415019763 0.06171875 0.12779973649538867
4 0.6019531250000001 0.4538866930171278 0.05390625 0.10408432147562582
