1 0.89453125 0.7429742388758782 0.0890625 0.09953161592505855
1 0.6761718750000001 0.5907494145199064 0.05390625 0.059718969555035126
1 0.498046875 0.7096018735362998 0.07109375 0.07728337236533958
1 0.8171875000000001 0.9115925058548009 0.12187500000000001 0.15339578454332553
1 0.9164062500000001 0.6902810304449649 0.07187500000000001 0.08313817330210772
1 0.58828125 0.5046838407494145 0.043750000000000004 0.0585480093676815
1 0.403125 0.7295081967213115 0.078125 0.08665105386416862
1 0.7644531250000001 0.5872365339578455 0.05390625 0.06440281030444965
1 0.9460937500000001 0.6440281030444965 0.0578125 0.06557377049180328
1 0.9441406250000001 0.59192037470726 0.05390625 0.04800936768149883
1 0.4453125 0.5076112412177985 0.0328125 0.03864168618266979
1 0.33437500000000003 0.5966042154566745 0.046875 0.06440281030444965
1 0.38046875 0.4812646370023419 0.035937500000000004 0.03278688524590164
1 0.54609375 0.4484777517564403 0.025 0.0351288056206089
1 0.5906250000000001 0.44379391100702575 0.025 0.03044496487119438
1 0.675 0.5128805620608899 0.0484375 0.0702576112412178
4 0.7488281250000001 0.3618266978922717 0.017968750000000002 0.03278688524590164
4 0.701171875 0.4607728337236534 0.04453125 0.08313817330210772
4 0.6605468750000001 0.446135831381733 0.030468750000000003 0.0702576112412178
4 0.6109375 0.3840749414519906 0.0234375 0.046838407494145196
4 0.258984375 0.6545667447306791 0.09765625 0.2107728337236534
4 0.24375000000000002 0.4894613583138173 0.0578125 0.117096018735363
4 0.2859375 0.4613583138173302 0.0328125 0.06557377049180328
