1 0.40937500000000004 0.7239155920281359 0.11406250000000001 0.11371629542790151
1 0.480078125 0.5093786635404455 0.08046875 0.08323563892145369
1 0.9070312500000001 0.8868698710433762 0.146875 0.15123094958968347
1 0.43359375 0.3610785463071512 0.05625 0.06799531066822977
1 0.65234375 0.4800703399765533 0.07187500000000001 0.0738569753810082
1 0.821484375 0.5281359906213364 0.09140625000000001 0.10433763188745603
1 0.6414062500000001 0.5949589683470106 0.0859375 0.07620164126611957
1 0.537109375 0.39097303634232117 0.06796875000000001 0.07620164126611957
1 0.66171875 0.3815943728018757 0.0671875 0.05509964830011723
1 0.7890625 0.41148886283704567 0.07187500000000001 0.06096131301289566
1 0.591796875 0.29894490035169985 0.04609375 0.053927315357561546
1 0.6761718750000001 0.3159437280187573 0.04609375 0.04572098475967174
1 0.7777343750000001 0.33821805392731535 0.055468750000000004 0.04806565064478312
1 0.7976562500000001 0.28604923798358733 0.051562500000000004 0.04454865181711606
1 0.712890625 0.27842907385697535 0.041406250000000006 0.04806565064478312
1 0.6980468750000001 0.305978898007034 0.04296875 0.04689331770222743
1 0.587890625 0.23270808909730362 0.03515625 0.041031652989449004
1 0.974609375 0.28253223915592024 0.04453125 0.058616647127784284
1 0.972265625 0.19929660023446658 0.04453125 0.04689331770222743
4 0.138671875 0.6928487690504103 0.26328125 0.492379835873388
4 0.6171875 0.19109026963657677 0.0390625 0.06330597889800703
