1 0.919921875 0.7837301587301587 0.08046875 0.1468253968253968
1 0.6890625 0.8204365079365079 0.07968750000000001 0.1488095238095238
1 0.535546875 0.3601190476190476 0.039843750000000004 0.09325396825396826
1 0.6429687500000001 0.7509920634920635 0.06875 0.13293650793650794
1 0.19921875 0.9206349206349206 0.10312500000000001 0.13095238095238093
1 0.22968750000000002 0.736111111111111 0.078125 0.09523809523809523
1 0.366796875 0.7271825396825397 0.06796875000000001 0.10515873015873015
1 0.36875 0.615079365079365 0.0625 0.07539682539682539
1 0.258984375 0.5942460317460317 0.06484375 0.08928571428571427
1 0.283984375 0.44047619047619047 0.06484375 0.11507936507936507
1 0.377734375 0.5257936507936508 0.05859375 0.047619047619047616
1 0.373828125 0.46329365079365076 0.047656250000000004 0.06547619047619047
1 0.6156250000000001 0.5922619047619048 0.060937500000000006 0.08134920634920634
1 0.65234375 0.6577380952380952 0.059375000000000004 0.06944444444444445
1 0.775390625 0.6706349206349206 0.06953125 0.14285714285714285
1 0.766796875 0.7648809523809523 0.06328125 0.12103174603174602
1 0.68515625 0.5535714285714285 0.0484375 0.09126984126984126
1 0.6375000000000001 0.46527777777777773 0.043750000000000004 0.08134920634920634
1 0.675 0.3680555555555555 0.034375 0.06944444444444445
1 0.626953125 0.4097222222222222 0.041406250000000006 0.061507936507936505
1 0.599609375 0.3611111111111111 0.032031250000000004 0.06349206349206349
1 0.57421875 0.28968253968253965 0.034375 0.07936507936507936
1 0.5140625 0.306547619047619 0.025 0.05357142857142857
4 0.7542968750000001 0.4107142857142857 0.07890625000000001 0.24603174603174602
4 0.633984375 0.251984126984127 0.039843750000000004 0.14285714285714285
4 0.055859375 0.675595238095238 0.10703125000000001 0.37896825396825395
4 0.12890625 0.5119047619047619 0.0859375 0.3214285714285714
