1 0.311328125 0.519345238095238 0.10078125 0.12202380952380952
1 0.91171875 0.5491071428571428 0.17500000000000002 0.34226190476190477
1 0.55078125 0.49032738095238093 0.13125 0.14732142857142858
1 0.462890625 0.48065476190476186 0.05859375 0.10416666666666666
1 0.405078125 0.4776785714285714 0.05078125 0.05357142857142857
1 0.7566406250000001 0.29836309523809523 0.07578125000000001 0.09375
1 0.800390625 0.4055059523809524 0.09765625 0.11755952380952381
1 0.8207031250000001 0.48363095238095233 0.07578125000000001 0.13392857142857142
4 0.6824218750000001 0.4367559523809524 0.12109375 0.28422619047619047
4 0.171875 0.42931547619047616 0.0703125 0.11160714285714285
4 0.38007812500000004 0.4151785714285714 0.06328125 0.11607142857142856
1 0.122265625 0.44494047619047616 0.03515625 0.04464285714285714
