1 0.35195312500000003 0.76875 0.16953125000000002 0.12083333333333333
1 0.9246093750000001 0.76875 0.057031250000000006 0.041666666666666664
1 0.5886718750000001 0.7640625 0.13671875 0.140625
1 0.21484375 0.7083333333333334 0.07500000000000001 0.04375
1 0.040234375 0.703125 0.07734375 0.03958333333333333
1 0.8152343750000001 0.7536458333333333 0.041406250000000006 0.03854166666666667
1 0.7371093750000001 0.7489583333333333 0.030468750000000003 0.035416666666666666
1 0.689453125 0.7442708333333333 0.02890625 0.034375
1 0.860546875 0.7630208333333334 0.032031250000000004 0.034375
1 0.455078125 0.7197916666666666 0.03828125 0.029166666666666667
