1 0.374609375 0.7427884615384616 0.09765625 0.13221153846153846
1 0.25546875 0.5030048076923077 0.059375000000000004 0.0733173076923077
1 0.501953125 0.8930288461538463 0.12890625 0.16346153846153846
1 0.19648437500000002 0.7085336538461539 0.08671875000000001 0.109375
1 0.9144531250000001 0.6556490384615385 0.08671875000000001 0.11899038461538462
1 0.16328125000000002 0.6189903846153847 0.0671875 0.08653846153846154
1 0.9375 0.45012019230769235 0.0625 0.06610576923076923
1 0.665234375 0.46153846153846156 0.055468750000000004 0.06730769230769232
1 0.6042968750000001 0.3996394230769231 0.057031250000000006 0.07572115384615385
1 0.21601562500000002 0.8611778846153847 0.11796875000000001 0.1310096153846154
1 0.49375 0.3551682692307693 0.045312500000000006 0.054086538461538464
1 0.16796875 0.5751201923076923 0.0703125 0.06850961538461539
1 0.31562500000000004 0.4495192307692308 0.05 0.0625
1 0.728125 0.4957932692307693 0.060937500000000006 0.0733173076923077
1 0.878125 0.5703125 0.08125 0.10697115384615385
1 0.75 0.5775240384615385 0.08125 0.08052884615384616
1 0.135546875 0.48617788461538464 0.057031250000000006 0.06610576923076923
1 0.11875000000000001 0.4453125 0.05 0.056490384615384616
1 0.286328125 0.38461538461538464 0.05390625 0.06730769230769232
4 0.883984375 0.3671875 0.09765625 0.1670673076923077
4 0.4546875 0.3010817307692308 0.060937500000000006 0.12860576923076925
4 0.19062500000000002 0.35216346153846156 0.0734375 0.15384615384615385
