1 0.2546875 0.7438452520515826 0.38906250000000003 0.34114888628370454
1 0.534765625 0.43024618991793667 0.16796875 0.16647127784290738
1 0.5730468750000001 0.31828839390386865 0.13046875 0.08558030480656506
1 0.7253906250000001 0.2661195779601407 0.10390625 0.07268464243845252
1 0.594921875 0.21512309495896834 0.07109375 0.05509964830011723
1 0.538671875 0.24267291910902694 0.07578125000000001 0.0492379835873388
1 0.583203125 0.14302461899179367 0.047656250000000004 0.03751465416178194
1 0.9593750000000001 0.15885111371629543 0.043750000000000004 0.052754982415005855
1 0.919921875 0.14536928487690504 0.03515625 0.0492379835873388
1 0.9171875 0.6629542790152403 0.15781250000000002 0.5451348182883938
4 0.830078125 0.08909730363423211 0.03515625 0.07737397420867526
