1 0.28359375000000003 0.7611111111111112 0.115625 0.1527777777777778
1 0.35703125 0.7298611111111112 0.065625 0.09027777777777778
1 0.494921875 0.7493055555555556 0.08984375 0.12638888888888888
1 0.403125 0.7263888888888889 0.043750000000000004 0.075
4 0.890625 0.7090277777777778 0.15937500000000002 0.20416666666666666
4 0.7332031250000001 0.6993055555555556 0.08046875 0.11527777777777778
1 0.5921875 0.6979166666666667 0.045312500000000006 0.07916666666666666
1 0.64453125 0.7305555555555556 0.0890625 0.13055555555555556
1 0.18710937500000002 0.7263888888888889 0.09296875 0.14444444444444446
1 0.06875 0.7479166666666667 0.1328125 0.22083333333333335
1 0.559765625 0.6993055555555556 0.02890625 0.04861111111111111
