1 0.19882812500000002 0.6466876971608833 0.14609375 0.15141955835962145
1 0.28125 0.5310199789695058 0.1234375 0.12197686645636172
1 0.7390625000000001 0.8038906414300736 0.1609375 0.17981072555205047
1 0.3984375 0.7181913774973712 0.1640625 0.24185068349106204
1 0.9437500000000001 0.6125131440588854 0.109375 0.15667718191377497
1 0.346484375 0.4647739221871714 0.10390625 0.1156677181913775
1 0.737890625 0.6072555205047319 0.13046875 0.12933753943217666
1 0.470703125 0.6414300736067298 0.10859375 0.15352260778128285
1 0.0578125 0.39957939011566773 0.0890625 0.08412197686645637
1 0.70625 0.713459516298633 0.1421875 0.17770767613038907
1 0.28554687500000003 0.2891692954784437 0.047656250000000004 0.044164037854889586
1 0.069140625 0.3333333333333333 0.06796875000000001 0.056782334384858045
1 0.400390625 0.41798107255520506 0.08515625 0.08307045215562565
1 0.89765625 0.4989484752891693 0.096875 0.11041009463722397
1 0.48750000000000004 0.5494216614090431 0.11875000000000001 0.14616193480546794
1 0.5921875 0.36803364879074657 0.0734375 0.08832807570977917
1 0.508203125 0.46845425867507884 0.09765625 0.0914826498422713
1 0.23515625 0.3070452155625657 0.05 0.06098843322818086
1 0.246484375 0.25446898002103047 0.03828125 0.023133543638275498
1 0.42578125 0.231335436382755 0.034375 0.031545741324921134
1 0.460546875 0.2181913774973712 0.025781250000000002 0.024185068349106203
1 0.491796875 0.22818086225026288 0.02890625 0.02103049421661409
1 0.47265625 0.3401682439537329 0.026562500000000003 0.06834910620399579
1 0.42109375000000004 0.33175604626708727 0.0671875 0.026288117770767613
1 0.45429687500000004 0.38275499474237645 0.03359375 0.08412197686645637
1 0.9546875 0.5257623554153522 0.07500000000000001 0.07150368033648791
1 0.9382812500000001 0.45846477392218715 0.053125000000000006 0.054679284963196635
1 0.8582031250000001 0.42323869610935855 0.05859375 0.05783385909568875
1 0.890234375 0.39589905362776023 0.06171875 0.05152471083070452
1 0.8656250000000001 0.34174553101997895 0.07187500000000001 0.052576235541535225
1 0.8234375 0.3186119873817035 0.026562500000000003 0.06098843322818086
1 0.8015625000000001 0.314931650893796 0.015625 0.04521556256572029
1 0.7203125 0.3601472134595163 0.078125 0.03890641430073607
1 0.7214843750000001 0.39379600420609884 0.07421875 0.03049421661409043
1 0.5417968750000001 0.2891692954784437 0.02421875 0.050473186119873815
1 0.570703125 0.259726603575184 0.02109375 0.03995793901156677
1 0.583984375 0.2576235541535226 0.014843750000000001 0.035751840168243953
1 0.624609375 0.31230283911671924 0.025781250000000002 0.04206098843322818
1 0.574609375 0.305993690851735 0.05390625 0.029442691903259724
1 0.540625 0.38906414300736064 0.0765625 0.035751840168243953
1 0.55390625 0.4558359621451104 0.065625 0.08937960042060988
1 0.5867187500000001 0.4158780231335436 0.0203125 0.09568874868559411
1 0.28828125 0.2586750788643533 0.035937500000000004 0.02103049421661409
1 0.6492187500000001 0.27234490010515244 0.018750000000000003 0.052576235541535225
1 0.61640625 0.259726603575184 0.040625 0.031545741324921134
1 0.615234375 0.286540483701367 0.04296875 0.013669821240799159
4 0.7835937500000001 0.2124079915878023 0.0484375 0.07991587802313355
4 0.7253906250000001 0.2991587802313354 0.07734375 0.12302839116719243
4 0.6589843750000001 0.21345951629863302 0.032031250000000004 0.05888538380651945
4 0.496875 0.2912723449001051 0.0578125 0.10094637223974763
4 0.874609375 0.29863301787592006 0.06640625 0.09253417455310199
1 0.8191406250000001 0.2323869610935857 0.02421875 0.029442691903259724
1 0.7820312500000001 0.2676130389064143 0.0203125 0.03470031545741325
1 0.71484375 0.21188222923238695 0.0390625 0.03470031545741325
1 0.5421875 0.24132492113564669 0.045312500000000006 0.04100946372239748
1 0.7375 0.5026288117770767 0.13593750000000002 0.14931650893796003
