1 0.4765625 0.634009009009009 0.15937500000000002 0.11936936936936937
1 0.23750000000000002 0.6418918918918919 0.09375 0.11711711711711711
1 0.58046875 0.6109234234234234 0.11093750000000001 0.15878378378378377
1 0.7078125000000001 0.6233108108108109 0.0671875 0.06644144144144144
1 0.646484375 0.6086711711711712 0.04453125 0.04391891891891892
1 0.81015625 0.6024774774774775 0.0390625 0.038288288288288286
1 0.7644531250000001 0.6024774774774775 0.039843750000000004 0.036036036036036036
1 0.043750000000000004 0.6036036036036035 0.06875 0.0990990990990991
1 0.11992187500000001 0.6013513513513513 0.10078125 0.1644144144144144
1 0.22382812500000002 0.5850225225225225 0.09609375 0.11599099099099099
1 0.020703125000000003 0.652027027027027 0.03359375 0.17117117117117117
1 0.8714843750000001 0.5979729729729729 0.030468750000000003 0.033783783783783786
4 0.37343750000000003 0.5630630630630631 0.1265625 0.20045045045045046
