1 0.2109375 0.7265625 0.26406250000000003 0.290625
1 0.037109375 0.6291666666666667 0.07421875 0.09791666666666667
1 0.37031250000000004 0.6286458333333333 0.12812500000000002 0.11562499999999999
1 0.734375 0.61875 0.051562500000000004 0.0625
1 0.671484375 0.6291666666666667 0.08203125 0.1
1 0.27382812500000003 0.4979166666666667 0.03828125 0.04583333333333333
1 0.5222656250000001 0.6427083333333333 0.09296875 0.08333333333333333
1 0.5925781250000001 0.6166666666666667 0.06328125 0.06666666666666667
1 0.7660156250000001 0.5135416666666667 0.03828125 0.0375
1 0.705078125 0.48593749999999997 0.039843750000000004 0.036458333333333336
1 0.6531250000000001 0.471875 0.034375 0.027083333333333334
1 0.662109375 0.4515625 0.030468750000000003 0.026041666666666668
1 0.7992187500000001 0.44687499999999997 0.034375 0.029166666666666667
1 0.46875 0.45 0.037500000000000006 0.03958333333333333
1 0.321875 0.4671875 0.037500000000000006 0.030208333333333334
1 0.33710937500000004 0.490625 0.03671875 0.0375
1 0.33437500000000003 0.5338541666666666 0.0421875 0.040625
4 0.15625 0.540625 0.0625 0.06875
