1 0.6761718750000001 0.5936768149882904 0.30078125 0.36768149882903983
1 0.358984375 0.46252927400468385 0.12265625000000001 0.13817330210772832
1 0.93125 0.5491803278688525 0.1328125 0.23185011709601874
1 0.804296875 0.4918032786885246 0.10703125000000001 0.18266978922716628
1 0.42500000000000004 0.4262295081967213 0.065625 0.09133489461358314
1 0.20820312500000002 0.40339578454332553 0.03515625 0.03629976580796253
1 0.290234375 0.40105386416861827 0.04609375 0.05503512880562061
1 0.464453125 0.4238875878220141 0.01953125 0.03981264637002342
1 0.47695312500000003 0.4127634660421546 0.017968750000000002 0.040983606557377046
1 0.558984375 0.4420374707259953 0.12109375 0.1557377049180328
1 0.9421875000000001 0.4314988290398126 0.096875 0.08313817330210772
1 0.11875000000000001 0.5023419203747073 0.225 0.39344262295081966
