1 0.8050781250000001 0.6781946072684641 0.30859375 0.3083235638921453
1 0.508984375 0.4853458382180539 0.09765625 0.11254396248534583
1 0.271484375 0.652989449003517 0.23515625 0.2532239155920281
1 0.79453125 0.4226260257913247 0.07968750000000001 0.0902696365767878
1 0.45078125 0.43434935521688156 0.060937500000000006 0.06916764361078546
1 0.21250000000000002 0.48710433763188743 0.1015625 0.16529894490035169
1 0.6683593750000001 0.40504103165298944 0.07109375 0.11606096131301288
1 0.350390625 0.4097303634232122 0.04453125 0.04337631887456037
1 0.4421875 0.3851113716295428 0.029687500000000002 0.026963657678780773
1 0.38398437500000004 0.3851113716295428 0.02734375 0.031652989449003514
1 0.6097656250000001 0.3786635404454865 0.02734375 0.028135990621336458
1 0.57578125 0.3815943728018757 0.025 0.026963657678780773
1 0.5554687500000001 0.37690504103165295 0.0234375 0.02227432590855803
