1 0.68125 0.8739583333333333 0.16718750000000002 0.1875
1 0.43867187500000004 0.5875 0.12734375 0.15208333333333332
1 0.25859375 0.4583333333333333 0.1015625 0.11666666666666667
1 0.19453125000000002 0.1796875 0.0578125 0.059375
4 0.7898437500000001 0.4713541666666667 0.17343750000000002 0.26979166666666665
1 0.21953125 0.38229166666666664 0.0890625 0.09166666666666666
4 0.47890625000000003 0.3651041666666667 0.184375 0.2947916666666667
4 0.5105468750000001 0.2984375 0.13984375000000002 0.21979166666666666
4 0.09765625 0.09427083333333333 0.0765625 0.11145833333333333
4 0.15156250000000002 0.30572916666666666 0.1046875 0.11770833333333333
1 0.09062500000000001 0.265625 0.060937500000000006 0.07083333333333333
1 0.022265625 0.14895833333333333 0.041406250000000006 0.05416666666666667
1 0.013281250000000001 0.08385416666666666 0.0234375 0.040625
