1 0.487890625 0.8412408759124088 0.10859375 0.12043795620437957
1 0.705078125 0.7962287104622872 0.11171875 0.14476885644768858
1 0.1796875 0.5389294403892945 0.0703125 0.07542579075425791
1 0.21445312500000002 0.6137469586374696 0.07890625000000001 0.09610705596107057
1 0.515625 0.745742092457421 0.1 0.14841849148418493
1 0.11093750000000001 0.7603406326034063 0.12187500000000001 0.18004866180048662
1 0.882421875 0.7299270072992701 0.09765625 0.11922141119221412
1 0.8015625000000001 0.5328467153284672 0.060937500000000006 0.07542579075425791
1 0.516796875 0.38503649635036497 0.04296875 0.04744525547445256
1 0.83203125 0.40632603406326034 0.0546875 0.07542579075425791
4 0.6957031250000001 0.5389294403892945 0.10390625 0.26034063260340634
4 0.776953125 0.28771289537712896 0.06484375 0.09610705596107057
4 0.495703125 0.3223844282238443 0.049218750000000006 0.10218978102189781
4 0.41718750000000004 0.3248175182481752 0.045312500000000006 0.09732360097323602
4 0.34804687500000003 0.4489051094890511 0.09609375 0.15815085158150852
4 0.30507812500000003 0.3710462287104623 0.08984375 0.1411192214111922
4 0.36875 0.2962287104622871 0.0328125 0.06934306569343066
1 0.06953125 0.6368613138686131 0.078125 0.08880778588807786
1 0.6785156250000001 0.30961070559610704 0.03359375 0.04744525547445256
1 0.6046875 0.31569343065693434 0.029687500000000002 0.032846715328467155
1 0.5320312500000001 0.5954987834549879 0.0890625 0.11070559610705596
1 0.895703125 0.3284671532846715 0.04296875 0.0413625304136253
1 0.8167968750000001 0.3199513381995134 0.03515625 0.03649635036496351
1 0.851171875 0.35279805352798055 0.04296875 0.06082725060827251
