1 0.1546875 0.56875 0.134375 0.21805555555555556
1 0.29140625000000003 0.36458333333333337 0.12187500000000001 0.1763888888888889
1 0.610546875 0.8916666666666667 0.24765625000000002 0.2138888888888889
1 0.582421875 0.14097222222222222 0.09296875 0.15972222222222224
1 0.8382812500000001 0.34652777777777777 0.1125 0.16805555555555557
1 0.0390625 0.4277777777777778 0.078125 0.225
1 0.644140625 0.1076388888888889 0.07734375 0.12916666666666668
1 0.8796875000000001 0.1513888888888889 0.09062500000000001 0.14444444444444446
1 0.91015625 0.10694444444444445 0.08281250000000001 0.1527777777777778
1 0.9421875000000001 0.8541666666666667 0.07500000000000001 0.1638888888888889
1 0.17734375000000002 0.8798611111111111 0.25625000000000003 0.12083333333333333
