1 0.46523437500000003 0.8742655699177438 0.20234375000000002 0.24676850763807284
1 0.90546875 0.28495887191539365 0.08281250000000001 0.09283196239717978
1 0.630859375 0.2591069330199765 0.07109375 0.08108108108108107
1 0.662109375 0.4688601645123384 0.10234375000000001 0.10340775558166862
1 0.5007812500000001 0.5170387779083431 0.09375 0.11280846063454758
1 0.37539062500000003 0.7027027027027026 0.14296875 0.13160987074030553
1 0.70859375 0.6233842538190364 0.109375 0.11398354876615746
1 0.447265625 0.400117508813161 0.08828125 0.06462984723854288
1 0.36953125000000003 0.3572267920094007 0.07968750000000001 0.07520564042303172
1 0.7191406250000001 0.5540540540540541 0.10234375000000001 0.09048178613396005
1 0.6570312500000001 0.23207990599294948 0.0671875 0.07873090481786134
1 0.8078125 0.2596944770857814 0.084375 0.09635722679200939
1 0.28554687500000003 0.490599294947121 0.09765625 0.12338425381903642
1 0.14921875 0.2596944770857814 0.07500000000000001 0.07520564042303172
1 0.065625 0.15511163337250294 0.059375000000000004 0.06580493537015276
1 0.029687500000000002 0.26380728554641597 0.0578125 0.09283196239717978
1 0.31679687500000003 0.17920094007050527 0.06328125 0.06462984723854288
1 0.49296875 0.22972972972972971 0.05 0.07873090481786134
1 0.5242187500000001 0.19153936545240893 0.05 0.05405405405405405
