1 0.5765625 0.5007898894154819 0.18281250000000002 0.3222748815165877
1 0.377734375 0.4052132701421801 0.13984375000000002 0.25118483412322273
1 0.8523437500000001 0.744865718799368 0.2859375 0.4755134281200632
1 0.31640625 0.7575039494470774 0.3984375 0.4660347551342812
1 0.061328125000000004 0.6263823064770931 0.11171875 0.36492890995260663
1 0.26992187500000003 0.1966824644549763 0.041406250000000006 0.05529225908372828
1 0.33984375 0.2037914691943128 0.035937500000000004 0.05687203791469194
1 0.679296875 0.37203791469194314 0.10703125000000001 0.22274881516587677
1 0.5574218750000001 0.2812006319115324 0.06015625 0.10426540284360189
1 0.48984375 0.32385466034755134 0.08125 0.1263823064770932
1 0.9378906250000001 0.4352290679304897 0.11953125 0.20063191153238547
1 0.7957031250000001 0.25434439178515006 0.05078125 0.12006319115323855
1 0.755859375 0.24486571879936808 0.03359375 0.07898894154818326
4 0.8875000000000001 0.2156398104265403 0.1609375 0.3712480252764613
1 0.624609375 0.22511848341232227 0.04453125 0.08056872037914692
1 0.578515625 0.21642969984202212 0.03671875 0.07898894154818326
1 0.47968750000000004 0.20695102685624012 0.040625 0.04739336492890995
