1 0.7230468750000001 0.8229043683589138 0.08515625 0.10625737898465171
1 0.8152343750000001 0.8105076741440378 0.08515625 0.0885478158205431
1 0.169921875 0.9327036599763872 0.10859375 0.12514757969303422
1 0.389453125 0.6770956316410861 0.02734375 0.034238488783943324
1 0.576171875 0.7426210153482881 0.039843750000000004 0.05667060212514757
1 0.6273437500000001 0.7018890200708382 0.037500000000000006 0.050767414403778036
1 0.544140625 0.6965761511216056 0.02734375 0.03778040141676505
1 0.5921875 0.6517119244391971 0.0328125 0.04014167650531287
1 0.40937500000000004 0.6097992916174734 0.0171875 0.020070838252656435
1 0.431640625 0.6263282172373081 0.01953125 0.031877213695395513
1 0.534375 0.6375442739079102 0.021875000000000002 0.023612750885478158
