1 0.44765625000000003 0.6166471277842906 0.07968750000000001 0.0984759671746776
1 0.52890625 0.835287221570926 0.1203125 0.123094958968347
1 0.6570312500000001 0.6617819460726846 0.11406250000000001 0.16060961313012895
1 0.5734375 0.6025791324736225 0.07500000000000001 0.08440797186400938
1 0.28554687500000003 0.5662368112543962 0.07421875 0.07502930832356389
1 0.48867187500000003 0.47948417350527545 0.08359375000000001 0.11019929660023446
1 0.44648437500000004 0.41910902696365765 0.05078125 0.07151230949589683
1 0.35000000000000003 0.4361078546307151 0.046875 0.058616647127784284
1 0.26875 0.47420867526377486 0.05 0.059788980070339975
1 0.23593750000000002 0.4349355216881594 0.0390625 0.0492379835873388
1 0.043359375000000006 0.4671746776084408 0.06171875 0.06447831184056271
1 0.9593750000000001 0.5234466588511136 0.07187500000000001 0.08323563892145369
1 0.7890625 0.5128956623681125 0.0671875 0.06916764361078546
1 0.805859375 0.4155920281359906 0.05078125 0.04806565064478312
1 0.74765625 0.3675263774912075 0.045312500000000006 0.041031652989449004
1 0.692578125 0.43845252051582645 0.05390625 0.06096131301289566
1 0.562109375 0.3903868698710434 0.04296875 0.04454865181711606
0 0.625 0.34994138335287217 0.07500000000000001 0.123094958968347
4 0.07734375 0.2661195779601407 0.07500000000000001 0.07033997655334115
1 0.28828125 0.39214536928487687 0.040625 0.03868698710433763
1 0.34414062500000003 0.38042203985932 0.04296875 0.029308323563892142
