1 0.38789062500000004 0.8304130162703379 0.16171875000000002 0.18648310387984982
1 0.5769531250000001 0.7096370463078848 0.14453125 0.18523153942428036
1 0.400390625 0.5081351689612015 0.11171875 0.1451814768460576
1 0.7566406250000001 0.6858573216520651 0.14453125 0.18022528160200252
1 0.207421875 0.5237797246558198 0.10078125 0.10638297872340426
1 0.052734375 0.6076345431789737 0.10078125 0.12640801001251564
1 0.6046875 0.21151439299123906 0.0578125 0.0725907384230288
1 0.8773437500000001 0.26783479349186484 0.0671875 0.07759699624530664
1 0.525 0.45994993742177726 0.096875 0.11389236545682103
1 0.291015625 0.32290362953692114 0.07734375 0.0851063829787234
1 0.3875 0.28660826032540676 0.078125 0.08760951188986232
1 0.22812500000000002 0.9180225281602002 0.203125 0.16145181476846057
1 0.74765625 0.24906132665832292 0.065625 0.07759699624530664
1 0.704296875 0.20275344180225283 0.05234375 0.06758448060075094
1 0.153125 0.4261576971214018 0.08750000000000001 0.10137672090112641
1 0.908203125 0.22090112640801002 0.05390625 0.07133917396745933
1 0.014453125 0.20400500625782228 0.02890625 0.07008760951188986
1 0.56875 0.1451814768460576 0.0484375 0.06007509386733417
1 0.121484375 0.24342928660826033 0.07890625000000001 0.13892365456821026
1 0.59140625 0.058823529411764705 0.035937500000000004 0.04505632040050063
1 0.30234375 0.08135168961201503 0.0484375 0.04505632040050063
1 0.26640625 0.10826032540675845 0.037500000000000006 0.03128911138923655
1 0.225 0.08197747183979975 0.0328125 0.0362953692115144
1 0.19296875000000002 0.10325406758448061 0.037500000000000006 0.058823529411764705
4 0.144140625 0.13704630788485608 0.06328125 0.13141426783479349
4 0.24921875000000002 0.19712140175219026 0.0921875 0.13892365456821026
4 0.34921875 0.15519399249061328 0.060937500000000006 0.1051314142678348
4 0.63671875 0.06946182728410513 0.043750000000000004 0.08635794743429287
4 0.6976562500000001 0.12640801001251564 0.051562500000000004 0.07509386733416772
4 0.7699218750000001 0.1357947434292866 0.10390625 0.17647058823529413
4 0.86640625 0.13829787234042554 0.08281250000000001 0.13141426783479349
