1 0.6351562500000001 0.6439393939393939 0.1421875 0.12310606060606061
1 0.34492187500000004 0.6576704545454546 0.15234375 0.13162878787878787
1 0.536328125 0.609375 0.10546875 0.09564393939393939
1 0.375 0.5795454545454546 0.1046875 0.02840909090909091
1 0.23945312500000002 0.5662878787878788 0.08203125 0.05113636363636364
1 0.38046875 0.5445075757575758 0.09843750000000001 0.030303030303030304
1 0.29765625 0.4734848484848485 0.0421875 0.032196969696969696
1 0.378515625 0.4857954545454546 0.057031250000000006 0.02462121212121212
1 0.049218750000000006 0.39204545454545453 0.037500000000000006 0.032196969696969696
1 0.1609375 0.3697916666666667 0.026562500000000003 0.021780303030303032
