1 0.23046875 0.6949384404924761 0.21406250000000002 0.29822161422708615
1 0.22421875000000002 0.43502051983584133 0.11406250000000001 0.16689466484268126
1 0.41914062500000004 0.45554035567715456 0.10703125000000001 0.15047879616963064
1 0.16523437500000002 0.4883720930232558 0.11015625000000001 0.15047879616963064
1 0.955078125 0.44459644322845415 0.06953125 0.15047879616963064
1 0.903515625 0.40902872777017785 0.049218750000000006 0.13953488372093023
1 0.7742187500000001 0.4794801641586867 0.15937500000000002 0.17920656634746923
1 0.8656250000000001 0.7346101231190151 0.1765625 0.19425444596443228
1 0.846875 0.612859097127223 0.1703125 0.17510259917920656
1 0.4453125 0.3331053351573187 0.0703125 0.06703146374829001
1 0.30195312500000004 0.3372093023255814 0.08671875000000001 0.09439124487004104
1 0.294140625 0.41997264021887826 0.03828125 0.11764705882352941
1 0.32148437500000004 0.24008207934336526 0.07890625000000001 0.10533515731874145
1 0.43828125 0.27359781121751026 0.0703125 0.08481532147742818
1 0.6578125 0.2647058823529412 0.065625 0.09165526675786594
1 0.661328125 0.3419972640218878 0.06953125 0.05471956224350205
1 0.6722656250000001 0.426812585499316 0.049218750000000006 0.09028727770177838
1 0.78671875 0.28385772913816687 0.08750000000000001 0.08071135430916553
1 0.8 0.3529411764705882 0.08281250000000001 0.05471956224350205
1 0.98046875 0.5471956224350205 0.03125 0.16415868673050615
