1 0.544921875 0.9444444444444445 0.09765625 0.10833333333333334
1 0.18125000000000002 0.9284722222222223 0.09531250000000001 0.14027777777777778
1 0.624609375 0.7916666666666667 0.05078125 0.075
1 0.5906250000000001 0.8833333333333334 0.060937500000000006 0.08888888888888889
1 0.8269531250000001 0.8847222222222223 0.06796875000000001 0.08611111111111111
1 0.35000000000000003 0.9284722222222223 0.08125 0.12083333333333333
1 0.234765625 0.8722222222222222 0.05390625 0.07777777777777778
1 0.50703125 0.8777777777777778 0.07968750000000001 0.10833333333333334
1 0.546484375 0.7875 0.06484375 0.06666666666666667
1 0.5828125000000001 0.6583333333333333 0.0421875 0.05277777777777778
1 0.886328125 0.6555555555555556 0.03671875 0.044444444444444446
1 0.714453125 0.5986111111111111 0.03359375 0.05277777777777778
1 0.540234375 0.6083333333333334 0.02734375 0.03333333333333333
1 0.47695312500000003 0.6729166666666667 0.041406250000000006 0.034722222222222224
1 0.49921875000000004 0.7145833333333333 0.043750000000000004 0.04583333333333334
1 0.46992187500000004 0.6986111111111112 0.01171875 0.044444444444444446
1 0.49921875000000004 0.7666666666666667 0.028125 0.05277777777777778
1 0.44921875 0.8069444444444445 0.0484375 0.0638888888888889
1 0.417578125 0.7701388888888889 0.04296875 0.059722222222222225
1 0.432421875 0.7201388888888889 0.03828125 0.04583333333333334
1 0.40156250000000004 0.7055555555555556 0.021875000000000002 0.03888888888888889
1 0.358984375 0.8402777777777778 0.05390625 0.06666666666666667
1 0.34140625 0.7937500000000001 0.046875 0.029166666666666667
1 0.24570312500000002 0.8222222222222223 0.039843750000000004 0.044444444444444446
1 0.7679687500000001 0.5881944444444445 0.028125 0.0375
1 0.9859375 0.7041666666666667 0.0203125 0.05
1 0.95859375 0.6645833333333333 0.03125 0.02361111111111111
1 0.95703125 0.7020833333333334 0.0328125 0.04027777777777778
1 0.34140625 0.7527777777777778 0.0421875 0.05
1 0.31367187500000004 0.7159722222222222 0.03828125 0.04583333333333334
1 0.3484375 0.7034722222222223 0.034375 0.04583333333333334
1 0.283203125 0.6784722222222223 0.03671875 0.04861111111111111
1 0.341796875 0.6569444444444444 0.03515625 0.044444444444444446
1 0.390234375 0.6284722222222222 0.032031250000000004 0.0375
1 0.394140625 0.5923611111111111 0.02734375 0.029166666666666667
1 0.353515625 0.6131944444444445 0.030468750000000003 0.04027777777777778
1 0.43671875000000004 0.5888888888888889 0.028125 0.030555555555555558
