1 0.37812500000000004 0.6956224350205198 0.2390625 0.35157318741450067
1 0.7156250000000001 0.6586867305061559 0.13593750000000002 0.17920656634746923
1 0.7875000000000001 0.606703146374829 0.05625 0.06976744186046512
1 0.6265625 0.6272229822161423 0.07500000000000001 0.09986320109439124
1 0.582421875 0.6169630642954856 0.04296875 0.060191518467852256
1 0.531640625 0.6094391244870041 0.05390625 0.0560875512995896
1 0.011328125000000001 0.6053351573187414 0.02109375 0.0560875512995896
1 0.11171875 0.554719562243502 0.028125 0.04514363885088919
4 0.19453125000000002 0.45554035567715456 0.021875000000000002 0.06292749658002736
4 0.0203125 0.5369357045143639 0.0390625 0.08618331053351573
