1 0.5496093750000001 0.6347222222222223 0.08515625 0.14166666666666666
1 0.7515625 0.41805555555555557 0.053125000000000006 0.08611111111111111
1 0.43203125000000003 0.275 0.0421875 0.05
1 0.30117187500000003 0.22430555555555556 0.04296875 0.051388888888888894
4 0.624609375 0.35000000000000003 0.07890625000000001 0.2
4 0.5457031250000001 0.2791666666666667 0.08203125 0.17500000000000002
1 0.27187500000000003 0.7770833333333333 0.12812500000000002 0.1486111111111111
1 0.373046875 0.23333333333333334 0.041406250000000006 0.05555555555555556
1 0.205859375 0.22222222222222224 0.041406250000000006 0.04722222222222222
1 0.183984375 0.2013888888888889 0.03515625 0.03888888888888889
