1 0.381640625 0.4243156199677939 0.11328125 0.1529790660225443
1 0.804296875 0.533816425120773 0.30703125000000003 0.40418679549114334
1 0.17421875 0.2914653784219002 0.046875 0.07085346215780998
1 0.31640625 0.35909822866344604 0.065625 0.09339774557165861
1 0.0328125 0.33816425120772947 0.0578125 0.08695652173913043
1 0.083984375 0.2640901771336554 0.03671875 0.057971014492753624
1 0.028125 0.24557165861513688 0.037500000000000006 0.040257648953301126
1 0.029296875 0.19484702093397746 0.02734375 0.0322061191626409
1 0.07187500000000001 0.2037037037037037 0.0328125 0.033816425120772944
1 0.132421875 0.2028985507246377 0.032031250000000004 0.04830917874396135
0 0.671484375 0.29871175523349436 0.10703125000000001 0.14009661835748793
