1 0.41640625000000003 0.6927554980595084 0.059375000000000004 0.06597671410090557
1 0.649609375 0.9269081500646831 0.09609375 0.09961190168175939
1 0.31328125 0.7082794307891334 0.060937500000000006 0.07115135834411385
1 0.8132812500000001 0.6694695989650712 0.059375000000000004 0.07115135834411385
1 0.6351562500000001 0.5983182406209574 0.053125000000000006 0.06597671410090557
1 0.689453125 0.7179818887451488 0.06796875000000001 0.08279430789133248
1 0.361328125 0.591849935316947 0.049218750000000006 0.05562742561448901
1 0.43125 0.869340232858991 0.0890625 0.129366106080207
1 0.520703125 0.5653298835705046 0.04609375 0.06209573091849936
1 0.6882812500000001 0.5892626131953429 0.045312500000000006 0.05821474773609315
1 0.577734375 0.5653298835705046 0.04296875 0.0517464424320828
1 0.18085937500000002 0.6597671410090556 0.06640625 0.10090556274256146
1 0.1765625 0.592496765847348 0.046875 0.028460543337645538
1 0.27890625 0.611254851228978 0.05625 0.05562742561448901
1 0.258984375 0.5097024579560155 0.039843750000000004 0.03622250970245796
1 0.31171875000000004 0.5297542043984477 0.0390625 0.040103492884864166
1 0.31679687500000003 0.48188874514877106 0.03515625 0.04527813712807245
1 0.284375 0.43725743855109966 0.028125 0.03363518758085382
1 0.34921875 0.425614489003881 0.026562500000000003 0.03104786545924968
1 0.440234375 0.47283311772315656 0.02734375 0.037516170763260026
1 0.45625000000000004 0.49482535575679176 0.0328125 0.040103492884864166
1 0.47695312500000003 0.5239327296248384 0.03515625 0.0388098318240621
1 0.508203125 0.4915912031047866 0.032031250000000004 0.03622250970245796
1 0.54609375 0.5278137128072445 0.0328125 0.0388098318240621
1 0.49609375 0.46895213454075035 0.026562500000000003 0.029754204398447608
1 0.527734375 0.4456662354463131 0.02421875 0.03492884864165589
1 0.482421875 0.4495472186287193 0.02421875 0.03234152652005175
4 0.591796875 0.4864165588615783 0.049218750000000006 0.09314359637774904
4 0.54453125 0.4016817593790427 0.03125 0.07373868046571799
4 0.43593750000000003 0.43402328589909445 0.028125 0.05562742561448901
4 0.17929687500000002 0.5122897800776197 0.05234375 0.12160413971539458
4 0.261328125 0.4055627425614489 0.03828125 0.07632600258732213
