1 0.517578125 0.8588992974238876 0.12890625 0.16276346604215455
1 0.508984375 0.7137002341920374 0.09453125000000001 0.1323185011709602
1 0.102734375 0.4566744730679157 0.047656250000000004 0.0585480093676815
1 0.516015625 0.547423887587822 0.06640625 0.059718969555035126
4 0.821875 0.7464871194379391 0.22968750000000002 0.5046838407494145
1 0.12382812500000001 0.5199063231850117 0.06484375 0.06323185011709602
1 0.48164062500000004 0.4970725995316159 0.05859375 0.06440281030444965
1 0.509765625 0.6135831381733021 0.07421875 0.09601873536299765
4 0.578515625 0.41217798594847777 0.07421875 0.17096018735362997
4 0.21992187500000002 0.3185011709601874 0.04453125 0.09367681498829039
4 0.26015625000000003 0.3085480093676815 0.028125 0.09484777517564402
4 0.1484375 0.38466042154566743 0.06875 0.11826697892271663
4 0.462890625 0.22892271662763466 0.02734375 0.05503512880562061
1 0.48671875000000003 0.41100702576112413 0.0546875 0.06791569086651054
1 0.24609375 0.3864168618266979 0.0421875 0.0585480093676815
1 0.44296875 0.27107728337236536 0.0203125 0.03629976580796253
1 0.46523437500000003 0.3202576112412178 0.025781250000000002 0.03395784543325527
1 0.48515625 0.26639344262295084 0.021875000000000002 0.02927400468384075
1 0.5378906250000001 0.3752927400468384 0.014843750000000001 0.05503512880562061
