1 0.16640625 0.7715053763440861 0.0859375 0.09677419354838711
1 0.1375 0.6115591397849462 0.065625 0.08602150537634409
1 0.078125 0.581989247311828 0.059375000000000004 0.08064516129032259
1 0.429296875 0.89247311827957 0.10390625 0.1478494623655914
1 0.039453125000000006 0.9206989247311829 0.07890625000000001 0.1532258064516129
1 0.86484375 0.9146505376344086 0.096875 0.14381720430107528
1 0.2390625 0.49932795698924737 0.0484375 0.06317204301075269
1 0.34492187500000004 0.6001344086021506 0.06171875 0.0685483870967742
1 0.32734375000000004 0.7809139784946237 0.08281250000000001 0.09677419354838711
1 0.21601562500000002 0.9059139784946237 0.12109375 0.18548387096774194
1 0.40468750000000003 0.6538978494623656 0.0703125 0.09005376344086022
1 0.164453125 0.4926075268817205 0.047656250000000004 0.06317204301075269
1 0.35664062500000004 0.4254032258064516 0.041406250000000006 0.0739247311827957
4 0.50703125 0.6545698924731184 0.11875000000000001 0.3010752688172043
4 0.5925781250000001 0.5100806451612904 0.08359375000000001 0.1948924731182796
4 0.6839843750000001 0.34408602150537637 0.03828125 0.08333333333333334
4 0.727734375 0.39717741935483875 0.03828125 0.08467741935483872
4 0.7035156250000001 0.28763440860215056 0.02890625 0.051075268817204304
4 0.8597656250000001 0.7594086021505377 0.08671875000000001 0.13440860215053765
4 0.0546875 0.45497311827956993 0.0703125 0.09811827956989248
4 0.16484375 0.3897849462365592 0.043750000000000004 0.09408602150537636
4 0.2171875 0.3844086021505377 0.0671875 0.12365591397849464
4 0.31484375000000003 0.3541666666666667 0.05 0.10349462365591398
4 0.4234375 0.31451612903225806 0.0328125 0.08064516129032259
4 0.47773437500000004 0.26612903225806456 0.02734375 0.06451612903225806
4 0.505859375 0.23723118279569894 0.032031250000000004 0.05779569892473119
4 0.5769531250000001 0.20094086021505378 0.02421875 0.036290322580645164
4 0.614453125 0.1821236559139785 0.02890625 0.05241935483870968
4 0.58984375 0.17204301075268819 0.0203125 0.05645161290322581
1 0.903515625 0.8635752688172044 0.06796875000000001 0.08467741935483872
1 0.810546875 0.7379032258064516 0.025781250000000002 0.08064516129032259
1 0.735546875 0.6700268817204301 0.07109375 0.09543010752688173
1 0.7515625 0.6095430107526882 0.040625 0.0685483870967742
1 0.6273437500000001 0.8454301075268817 0.09062500000000001 0.1317204301075269
1 0.64609375 0.7513440860215055 0.08125 0.1424731182795699
1 0.6980468750000001 0.5678763440860215 0.05390625 0.04973118279569893
1 0.666015625 0.6915322580645162 0.06484375 0.11155913978494625
1 0.7093750000000001 0.5295698924731184 0.037500000000000006 0.040322580645161296
1 0.69921875 0.49529569892473124 0.0421875 0.025537634408602152
1 0.727734375 0.48588709677419356 0.03515625 0.04704301075268818
1 0.7136718750000001 0.4522849462365592 0.032031250000000004 0.01478494623655914
1 0.6605468750000001 0.42943548387096775 0.03671875 0.04704301075268818
1 0.64765625 0.46572580645161293 0.025 0.04435483870967742
1 0.667578125 0.39583333333333337 0.02890625 0.0228494623655914
1 0.626953125 0.38104838709677424 0.032031250000000004 0.038978494623655914
1 0.6082031250000001 0.3481182795698925 0.01953125 0.02956989247311828
1 0.5242187500000001 0.43884408602150543 0.0328125 0.036290322580645164
1 0.475390625 0.48051075268817206 0.05234375 0.036290322580645164
1 0.40078125000000003 0.5477150537634409 0.05625 0.06317204301075269
1 0.258984375 0.676747311827957 0.09140625000000001 0.12768817204301075
1 0.05625 0.5309139784946237 0.06875 0.05913978494623656
1 0.1328125 0.45967741935483875 0.045312500000000006 0.05376344086021506
1 0.215625 0.46505376344086025 0.040625 0.048387096774193554
1 0.248828125 0.4401881720430108 0.04609375 0.05779569892473119
1 0.26171875 0.37567204301075274 0.025 0.036290322580645164
1 0.362890625 0.3541666666666667 0.03515625 0.04435483870967742
1 0.30625 0.4663978494623656 0.040625 0.06720430107526883
1 0.43789062500000003 0.41935483870967744 0.04453125 0.06451612903225806
1 0.47695312500000003 0.36223118279569894 0.02109375 0.03091397849462366
1 0.5281250000000001 0.3548387096774194 0.025 0.03494623655913979
1 0.44609375 0.3689516129032258 0.026562500000000003 0.036290322580645164
1 0.5171875 0.32930107526881724 0.0234375 0.02956989247311828
1 0.512109375 0.28696236559139787 0.01640625 0.0228494623655914
1 0.546875 0.2809139784946237 0.018750000000000003 0.02688172043010753
1 0.5320312500000001 0.21572580645161293 0.018750000000000003 0.025537634408602152
1 0.569921875 0.2567204301075269 0.022656250000000003 0.02688172043010753
