1 0.536328125 0.492371705963939 0.06953125 0.09986130374479889
1 0.6628906250000001 0.5790568654646324 0.07734375 0.11789181692094314
1 0.6472656250000001 0.4355062413314841 0.06328125 0.08321775312066575
1 0.49921875000000004 0.6608876560332871 0.096875 0.15672676837725383
1 0.64375 0.2919556171983356 0.0421875 0.06241331484049931
1 0.051953125 0.7364771151178918 0.08671875000000001 0.12205270457697642
4 0.919140625 0.768377253814147 0.15234375 0.43828016643550627
4 0.8484375000000001 0.573509015256588 0.1234375 0.33980582524271846
4 0.7421875 0.3079056865464633 0.06406250000000001 0.12482662968099861
4 0.7093750000000001 0.2059639389736477 0.0546875 0.1317614424410541
4 0.6371093750000001 0.20388349514563106 0.05078125 0.11927877947295423
4 0.122265625 0.2981969486823856 0.09453125000000001 0.22191400832177532
4 0.230859375 0.22815533980582525 0.06796875000000001 0.17614424410540916
1 0.146875 0.5104022191400832 0.0890625 0.12205270457697642
1 0.021484375 0.6054091539528433 0.041406250000000006 0.10679611650485438
1 0.29921875000000003 0.30374479889043 0.046875 0.06102635228848821
1 0.33125000000000004 0.27323162274618584 0.035937500000000004 0.03883495145631068
1 0.36054687500000004 0.23370319001386963 0.03515625 0.04022191400832178
1 0.37890625 0.19972260748959778 0.0421875 0.05547850208044383
1 0.591015625 0.22676837725381416 0.03828125 0.04854368932038835
1 0.58046875 0.18585298196948682 0.034375 0.03883495145631068
1 0.46992187500000004 0.180998613037448 0.030468750000000003 0.04022191400832178
4 0.6761718750000001 0.15811373092926492 0.017968750000000002 0.11927877947295423
4 0.63046875 0.10887656033287102 0.037500000000000006 0.059639389736477116
4 0.6097656250000001 0.056865464632454926 0.025781250000000002 0.06657420249653259
4 0.5574218750000001 0.036061026352288486 0.02109375 0.049930651872399444
