1 0.053125000000000006 0.792814371257485 0.10625000000000001 0.11497005988023952
1 0.35781250000000003 0.7634730538922155 0.0734375 0.09700598802395209
1 0.95078125 0.8269461077844311 0.0921875 0.274251497005988
1 0.90234375 0.7982035928143713 0.043750000000000004 0.08023952095808383
1 0.30390625000000004 0.7287425149700598 0.045312500000000006 0.05389221556886228
1 0.53828125 0.6203592814371257 0.0203125 0.026347305389221556
1 0.544921875 0.6508982035928144 0.01953125 0.027544910179640718
1 0.5789062500000001 0.6550898203592814 0.025 0.02874251497005988
1 0.525 0.6646706586826348 0.0234375 0.033532934131736525
1 0.5015625 0.6473053892215569 0.021875000000000002 0.025149700598802394
1 0.48359375000000004 0.6592814371257485 0.021875000000000002 0.02035928143712575
1 0.46132812500000003 0.677245508982036 0.02890625 0.027544910179640718
1 0.61484375 0.7107784431137725 0.034375 0.027544910179640718
1 0.591015625 0.7514970059880239 0.049218750000000006 0.041916167664670656
1 0.6875 0.795808383233533 0.11093750000000001 0.15209580838323353
1 0.744140625 0.725748502994012 0.03359375 0.04311377245508982
1 0.716015625 0.6754491017964072 0.022656250000000003 0.02155688622754491
1 0.716015625 0.7113772455089821 0.02890625 0.033532934131736525
4 0.675390625 0.6868263473053892 0.05078125 0.06826347305389222
4 0.7156250000000001 0.6245508982035928 0.028125 0.05389221556886228
4 0.08867187500000001 0.7305389221556886 0.14609375 0.162874251497006
