1 0.9 0.2551390568319226 0.065625 0.07496977025392987
1 0.5828125000000001 0.7787182587666264 0.1546875 0.11124546553808948
1 0.291015625 0.3385731559854897 0.05078125 0.08464328899637243
1 0.73828125 0.2744860943168077 0.051562500000000004 0.06287787182587666
1 0.20039062500000002 0.3470374848851269 0.06171875 0.07980652962515114
1 0.95234375 0.3978234582829504 0.059375000000000004 0.06287787182587666
1 0.08515625 0.40507859733978235 0.065625 0.09915356711003627
1 0.380859375 0.3548972188633615 0.06484375 0.09310761789600967
1 0.7738281250000001 0.6070133010882708 0.08671875000000001 0.09915356711003627
1 0.8308593750000001 0.5217654171704957 0.07578125000000001 0.08585247883917775
1 0.6707031250000001 0.3210399032648126 0.055468750000000004 0.05199516324062878
1 0.630859375 0.2762998790810157 0.049218750000000006 0.06166868198307134
1 0.680859375 0.24486094316807738 0.05078125 0.04715840386940749
1 0.72265625 0.22914147521160821 0.035937500000000004 0.03506650544135429
1 0.466796875 0.24365175332527206 0.03828125 0.03990326481257557
1 0.20820312500000002 0.6064087061668681 0.09140625000000001 0.11003627569528415
1 0.451953125 0.4613059250302297 0.07578125000000001 0.11729141475211607
1 0.12460937500000001 0.30773881499395406 0.04609375 0.054413542926239414
1 0.22968750000000002 0.27750906892382105 0.0484375 0.04232164449818621
1 0.08125 0.27690447400241835 0.046875 0.03869407496977025
1 0.026562500000000003 0.4939540507859734 0.0484375 0.10761789600967352
1 0.233203125 0.5042321644498186 0.06640625 0.0652962515114873
