1 0.637890625 0.7356389214536928 0.05859375 0.0738569753810082
1 0.8601562500000001 0.8229777256740913 0.0765625 0.08206330597889801
1 0.33515625000000004 0.8599062133645955 0.0921875 0.11840562719812425
1 0.546875 0.8909730363423212 0.10312500000000001 0.12426729191090269
1 0.14921875 0.8710433763188745 0.109375 0.1547479484173505
1 0.6003906250000001 0.8235638921453692 0.06484375 0.08558030480656506
1 0.5109375 0.8259085580304806 0.09062500000000001 0.12075029308323564
1 0.5921875 0.6131301289566237 0.0421875 0.056271981242672915
1 0.21054687500000002 0.8100820633059789 0.06328125 0.07502930832356389
1 0.220703125 0.7655334114888628 0.041406250000000006 0.056271981242672915
1 0.296484375 0.6652989449003517 0.03828125 0.050410316529894486
1 0.3484375 0.7854630715123094 0.06875 0.06330597889800703
1 0.328125 0.7473622508792497 0.0578125 0.04572098475967174
1 0.325 0.6981242672919109 0.0484375 0.03868698710433763
1 0.4140625 0.7186400937866354 0.0546875 0.0492379835873388
1 0.44453125000000004 0.7538100820633059 0.0578125 0.056271981242672915
1 0.5515625000000001 0.7344665885111371 0.07968750000000001 0.06682297772567408
1 0.5027343750000001 0.7139507620164126 0.03515625 0.03985932004689331
1 0.499609375 0.6711606096131301 0.05390625 0.04806565064478312
1 0.4234375 0.6729191090269636 0.0546875 0.04220398593200469
1 0.39765625000000004 0.6588511137162953 0.035937500000000004 0.035169988276670575
1 0.33359375 0.6565064478311841 0.0421875 0.04220398593200469
1 0.259375 0.634232121922626 0.040625 0.05158264947245017
1 0.338671875 0.5674091441969519 0.030468750000000003 0.03751465416178194
1 0.54453125 0.5650644783118405 0.03125 0.0328253223915592
1 0.923828125 0.6066822977725673 0.03828125 0.041031652989449004
1 0.7976562500000001 0.5474794841735052 0.03125 0.025791324736225085
1 0.7386718750000001 0.5574443141852286 0.03515625 0.03399765533411488
1 0.478125 0.626611957796014 0.05 0.03634232121922626
1 0.326953125 0.6066822977725673 0.04453125 0.03399765533411488
1 0.3796875 0.5867526377491207 0.035937500000000004 0.03634232121922626
4 0.873046875 0.552168815943728 0.05390625 0.08440797186400938
4 0.236328125 0.7180539273153576 0.07578125000000001 0.09964830011723329
