1 0.6589843750000001 0.6891891891891891 0.08671875000000001 0.07873090481786134
1 0.20078125000000002 0.6686251468860164 0.0765625 0.07050528789659224
1 0.5890625 0.5517038777908343 0.0703125 0.08108108108108107
1 0.8464843750000001 0.46768507638072854 0.05390625 0.07285546415981198
1 0.47265625 0.5893066980023501 0.07187500000000001 0.06462984723854288
1 0.48984375 0.42831962397179785 0.0484375 0.03642773207990599
4 0.8070312500000001 0.3196239717978848 0.0484375 0.10105757931844889
0 0.521484375 0.7855464159811986 0.18828125 0.32549941245593417
1 0.35273437500000004 0.7297297297297297 0.10546875 0.13160987074030553
1 0.37031250000000004 0.5299647473560517 0.060937500000000006 0.06345475910693302
1 0.432421875 0.39541715628672147 0.04296875 0.041128084606345476
1 0.9632812500000001 0.491186839012926 0.060937500000000006 0.0799059929494712
1 0.7855468750000001 0.4007050528789659 0.039843750000000004 0.0399529964747356
1 0.75 0.3290246768507638 0.028125 0.03290246768507638
