1 0.34023437500000003 0.6891891891891891 0.08671875000000001 0.07403055229142186
1 0.527734375 0.5893066980023501 0.07109375 0.06462984723854288
1 0.408203125 0.5511163337250293 0.06796875000000001 0.0799059929494712
1 0.800390625 0.6703877790834313 0.07578125000000001 0.06933019976498238
1 0.6312500000000001 0.5223266745005876 0.0578125 0.048178613396004696
1 0.6472656250000001 0.717978848413631 0.08984375 0.11045828437132785
0 0.47382812500000004 0.7967097532314923 0.18671875000000002 0.3807285546415981
4 0.1953125 0.31492361927144535 0.05 0.07755581668625147
4 0.14375000000000002 0.2144535840188014 0.021875000000000002 0.041128084606345476
1 0.15546875000000002 0.463572267920094 0.05 0.062279670975323144
1 0.033984375000000004 0.4888366627497062 0.05859375 0.06580493537015276
1 0.21406250000000002 0.39835487661574615 0.040625 0.04230317273795534
1 0.17421875 0.37485311398354876 0.035937500000000004 0.03525264394829612
1 0.5085937500000001 0.4294947121034077 0.05 0.043478260869565216
1 0.56484375 0.3889541715628672 0.0390625 0.03055229142185664
