1 0.386328125 0.7833333333333333 0.11953125 0.14166666666666666
1 0.498828125 0.6409722222222223 0.032031250000000004 0.043055555555555555
1 0.56875 0.6458333333333334 0.029687500000000002 0.04166666666666667
1 0.95234375 0.6895833333333333 0.059375000000000004 0.0763888888888889
1 0.8765625 0.675 0.053125000000000006 0.061111111111111116
1 0.8074218750000001 0.6604166666666667 0.04453125 0.05694444444444444
1 0.7039062500000001 0.6333333333333333 0.0421875 0.05555555555555556
1 0.63671875 0.6243055555555556 0.03125 0.04027777777777778
1 0.766796875 0.6361111111111112 0.03359375 0.036111111111111115
4 0.4234375 0.638888888888889 0.05625 0.1
