4 0.458984375 0.8272251308900525 0.19453125000000002 0.31832460732984297
1 0.8933593750000001 0.5235602094240839 0.06171875 0.06073298429319372
4 0.328125 0.6958115183246074 0.18125000000000002 0.3130890052356021
1 0.724609375 0.8251308900523561 0.06015625 0.14031413612565447
1 0.7835937500000001 0.8471204188481676 0.0578125 0.1549738219895288
1 0.84296875 0.8638743455497383 0.0578125 0.15706806282722516
1 0.93359375 0.8717277486910996 0.1203125 0.1267015706806283
1 0.7035156250000001 0.4570680628272252 0.06171875 0.06178010471204189
1 0.35390625000000003 0.38429319371727755 0.035937500000000004 0.052356020942408384
1 0.16523437500000002 0.4141361256544503 0.04609375 0.04083769633507854
1 0.137109375 0.393193717277487 0.02734375 0.03664921465968587
1 0.17304687500000002 0.4952879581151833 0.05859375 0.05445026178010472
1 0.73046875 0.41675392670157074 0.05625 0.0774869109947644
4 0.9613281250000001 0.5162303664921466 0.06953125 0.13612565445026178
4 0.7265625 0.33717277486910996 0.059375000000000004 0.05445026178010472
4 0.5765625 0.3167539267015707 0.078125 0.08900523560209425
4 0.49609375 0.330890052356021 0.08750000000000001 0.08795811518324609
4 0.39296875000000003 0.3397905759162304 0.065625 0.09528795811518326
4 0.33242187500000003 0.34973821989528797 0.039843750000000004 0.0774869109947644
4 0.24726562500000002 0.4633507853403142 0.08984375 0.187434554973822
4 0.09453125000000001 0.38010471204188484 0.08281250000000001 0.13403141361256546
4 0.028125 0.4240837696335079 0.046875 0.17382198952879582
4 0.224609375 0.3089005235602095 0.08515625 0.08795811518324609
4 0.187890625 0.374869109947644 0.05078125 0.0712041884816754
4 0.30234375 0.4178010471204189 0.034375 0.18219895287958118
