1 0.4296875 0.6115702479338843 0.109375 0.14403778040141677
1 0.357421875 0.9167650531286895 0.16953125000000002 0.1641086186540732
1 0.139453125 0.4456906729634002 0.07578125000000001 0.09799291617473435
1 0.420703125 0.49409681227863045 0.08359375000000001 0.12396694214876032
1 0.27382812500000003 0.44982290436835887 0.09296875 0.1369539551357733
1 0.42812500000000003 0.4191263282172373 0.06875 0.09445100354191263
1 0.16328125000000002 0.6393152302243211 0.1125 0.16174734356552536
1 0.018750000000000003 0.5962219598583235 0.0328125 0.14167650531286893
1 0.262890625 0.32703659976387245 0.05390625 0.051948051948051945
1 0.33828125000000003 0.43388429752066116 0.051562500000000004 0.08618654073199528
1 0.357421875 0.32408500590318773 0.04609375 0.050767414403778036
1 0.39492187500000003 0.27685950413223137 0.039843750000000004 0.03896103896103896
1 0.35078125000000004 0.269185360094451 0.0328125 0.03541912632821723
1 0.448046875 0.3317591499409681 0.049218750000000006 0.023612750885478158
1 0.464453125 0.36481700118063753 0.05390625 0.047225501770956316
1 0.476171875 0.3140495867768595 0.03828125 0.04958677685950413
