1 0.6550781250000001 0.5006257822277848 0.06484375 0.08260325406758448
1 0.30234375 0.4899874843554443 0.06406250000000001 0.06633291614518148
1 0.37109375 0.6195244055068836 0.078125 0.08760951188986232
1 0.23828125 0.6351689612015019 0.078125 0.08635794743429287
1 0.723828125 0.4856070087609512 0.05859375 0.07509386733416772
1 0.50703125 0.45807259073842305 0.059375000000000004 0.07759699624530664
1 0.6742187500000001 0.9167709637046308 0.13125 0.1414267834793492
1 0.39140625 0.8347934918648311 0.11875000000000001 0.16270337922403005
1 0.16875 0.386107634543179 0.05 0.04630788485607009
1 0.7269531250000001 0.6501877346683355 0.08828125 0.10638297872340426
1 0.8859375 0.5869837296620776 0.078125 0.09011264080100126
1 0.583203125 0.45556946182728414 0.055468750000000004 0.0625782227784731
1 0.453125 0.4086357947434293 0.051562500000000004 0.058823529411764705
1 0.5421875 0.40988735919899877 0.0484375 0.05381727158948686
1 0.237109375 0.4142678347934919 0.047656250000000004 0.057571964956195244
1 0.19453125000000002 0.5087609511889862 0.06875 0.07384230287859825
1 0.059375000000000004 0.49812265331664585 0.0671875 0.03504380475594493
1 0.06406250000000001 0.5763454317897372 0.09531250000000001 0.12390488110137672
1 0.064453125 0.44180225281602004 0.06171875 0.05506883604505632
1 0.24375000000000002 0.35356695869837296 0.043750000000000004 0.04881101376720901
1 0.421484375 0.37296620775969963 0.039843750000000004 0.06007509386733417
1 0.39960937500000004 0.3397997496871089 0.03359375 0.04881101376720901
1 0.396484375 0.28598247809762206 0.03515625 0.05381727158948686
1 0.494140625 0.36795994993742176 0.039843750000000004 0.04755944931163955
1 0.475390625 0.33854818523153946 0.030468750000000003 0.04130162703379224
1 0.512890625 0.30600750938673343 0.02734375 0.03879849812265332
0 0.59921875 0.36045056320400504 0.0546875 0.10262828535669587
4 0.53828125 0.25156445556946183 0.0390625 0.0951188986232791
4 0.065625 0.3685857321652065 0.0734375 0.09637046307884857
4 0.171875 0.26282853566958697 0.046875 0.11764705882352941
