1 0.20039062500000002 0.48339719029374206 0.06171875 0.07790549169859515
1 0.38125000000000003 0.4335887611749681 0.051562500000000004 0.08301404853128992
1 0.14140625 0.31864623243933593 0.043750000000000004 0.06002554278416348
1 0.86484375 0.5689655172413793 0.0890625 0.09067688378033206
1 0.4453125 0.3492975734355045 0.0421875 0.07535121328224777
1 0.240234375 0.3805874840357599 0.03828125 0.05363984674329502
1 0.726171875 0.3690932311621967 0.05859375 0.06641123882503193
1 0.8359375 0.3710089399744572 0.053125000000000006 0.06257982120051087
1 0.734375 0.2943805874840358 0.035937500000000004 0.04469987228607918
1 0.6433593750000001 0.2598978288633461 0.02890625 0.034482758620689655
1 0.6375000000000001 0.3001277139208174 0.0421875 0.04597701149425287
1 0.7039062500000001 0.22796934865900384 0.021875000000000002 0.029374201787994894
1 0.594140625 0.1743295019157088 0.014843750000000001 0.016602809706257982
1 0.608984375 0.1883780332056194 0.022656250000000003 0.02426564495530013
1 0.584375 0.21200510855683272 0.021875000000000002 0.022988505747126436
1 0.52265625 0.18901660280970628 0.021875000000000002 0.028097062579821204
1 0.508203125 0.1698595146871009 0.01640625 0.022988505747126436
1 0.4 0.1781609195402299 0.018750000000000003 0.02426564495530013
1 0.326171875 0.1602809706257982 0.01953125 0.021711366538952746
1 0.36953125000000003 0.22222222222222224 0.0234375 0.033205619412515965
1 0.286328125 0.1992337164750958 0.02734375 0.03575989782886335
1 0.2484375 0.24201787994891444 0.026562500000000003 0.034482758620689655
1 0.27734375 0.2752234993614304 0.03125 0.04725415070242657
1 0.219140625 0.1628352490421456 0.02109375 0.02681992337164751
4 0.6863281250000001 0.2828863346104726 0.04453125 0.06768837803320563
4 0.5632812500000001 0.16794380587484037 0.026562500000000003 0.0421455938697318
