1 0.5015625 0.43759873617693523 0.1484375 0.24328593996840442
1 0.837109375 0.4470774091627172 0.17109375000000002 0.2843601895734597
1 0.16367187500000002 0.5813586097946287 0.32734375000000004 0.8183254344391785
1 0.36484375 0.41390205371248023 0.0890625 0.10426540284360189
1 0.956640625 0.4344391785150079 0.07109375 0.15481832543443919
1 0.7453125 0.40126382306477093 0.045312500000000006 0.07266982622432859
1 0.675390625 0.37203791469194314 0.041406250000000006 0.04897314375987362
4 0.667578125 0.3222748815165877 0.04453125 0.09794628751974724
4 0.633984375 0.3459715639810427 0.05234375 0.10742496050552923
4 0.7546875000000001 0.3222748815165877 0.05 0.10426540284360189
