2 0.2421875 0.6890625 0.1953125 0.12604166666666666
2 0.603125 0.6604166666666667 0.0734375 0.07708333333333334
2 0.6648437500000001 0.6546875 0.0625 0.065625
5 0.080078125 0.621875 0.16015625 0.16458333333333333
4 0.551953125 0.6661458333333333 0.03515625 0.11979166666666667
5 0.5007812500000001 0.603125 0.09531250000000001 0.1375
2 0.2859375 0.6338541666666666 0.1390625 0.134375
4 0.018359375 0.6666666666666666 0.03359375 0.14791666666666667
5 0.9148437500000001 0.5494791666666666 0.16718750000000002 0.340625
2 0.763671875 0.6234375 0.13984375000000002 0.13645833333333332
