2 0.10625000000000001 0.7475409836065574 0.0484375 0.05901639344262295
2 0.6078125000000001 0.7893442622950819 0.07500000000000001 0.10655737704918032
5 0.219140625 0.7090163934426229 0.047656250000000004 0.09016393442622951
5 0.05234375 0.7295081967213115 0.05 0.06557377049180328
2 0.43398437500000003 0.7704918032786885 0.03359375 0.05573770491803279
2 0.503125 0.7721311475409836 0.026562500000000003 0.05573770491803279
2 0.5652343750000001 0.7729508196721312 0.017968750000000002 0.06721311475409836
2 0.32734375000000004 0.7467213114754099 0.035937500000000004 0.03442622950819672
2 0.17500000000000002 0.75 0.034375 0.04426229508196721
2 0.018750000000000003 0.7442622950819672 0.037500000000000006 0.06885245901639345
