2 0.26875 0.9431693989071038 0.07187500000000001 0.08743169398907104
2 0.40546875000000004 0.8639344262295082 0.060937500000000006 0.07103825136612021
2 0.7132812500000001 0.9092896174863387 0.07500000000000001 0.07213114754098361
2 0.42500000000000004 0.7524590163934426 0.043750000000000004 0.053551912568306013
1 0.203515625 0.8163934426229508 0.11171875 0.16393442622950818
2 0.31328125 0.855191256830601 0.06406250000000001 0.07540983606557378
2 0.5859375 0.7950819672131147 0.0484375 0.05792349726775956
1 0.7425781250000001 0.7486338797814208 0.07890625000000001 0.1377049180327869
2 0.59296875 0.892896174863388 0.065625 0.07650273224043716
2 0.38828125 0.980327868852459 0.078125 0.03715846994535519
2 0.622265625 0.8387978142076503 0.055468750000000004 0.06448087431693988
2 0.66953125 0.807103825136612 0.0484375 0.060109289617486336
2 0.31953125000000004 0.7989071038251366 0.05625 0.048087431693989074
2 0.358203125 0.7344262295081967 0.041406250000000006 0.05245901639344262
2 0.37109375 0.7032786885245902 0.0328125 0.036065573770491806
2 0.38906250000000003 0.6808743169398908 0.0328125 0.030601092896174863
2 0.384375 0.6939890710382514 0.034375 0.03278688524590164
2 0.448828125 0.6819672131147541 0.03515625 0.039344262295081964
2 0.43984375000000003 0.7054644808743169 0.035937500000000004 0.036065573770491806
2 0.56171875 0.7316939890710382 0.035937500000000004 0.04262295081967213
2 0.530859375 0.6557377049180327 0.022656250000000003 0.034972677595628415
2 0.550390625 0.687431693989071 0.02734375 0.03278688524590164
2 0.598046875 0.6710382513661202 0.022656250000000003 0.028415300546448086
2 0.61328125 0.6961748633879782 0.026562500000000003 0.034972677595628415
2 0.6410156250000001 0.725136612021858 0.03515625 0.04262295081967213
2 0.610546875 0.7519125683060109 0.041406250000000006 0.04371584699453552
2 0.6453125000000001 0.7743169398907104 0.034375 0.04262295081967213
2 0.6140625000000001 0.9497267759562842 0.1046875 0.09180327868852459
1 0.8914062500000001 0.9355191256830601 0.1078125 0.12021857923497267
1 0.71875 0.7065573770491803 0.065625 0.10601092896174863
1 0.577734375 0.6415300546448087 0.032031250000000004 0.048087431693989074
