2 0.06328125 0.8886255924170616 0.1046875 0.09004739336492892
2 0.645703125 0.7944312796208531 0.05859375 0.07227488151658769
2 0.215625 0.6824644549763034 0.046875 0.047393364928909956
2 0.597265625 0.715047393364929 0.04296875 0.0533175355450237
2 0.8890625000000001 0.7091232227488152 0.045312500000000006 0.0627962085308057
2 0.775 0.7286729857819906 0.0421875 0.05213270142180095
2 0.21640625000000002 0.7754739336492892 0.08281250000000001 0.09834123222748815
2 0.353515625 0.67239336492891 0.047656250000000004 0.058056872037914695
1 0.16484375 0.6285545023696683 0.084375 0.10781990521327015
2 0.63671875 0.6694312796208531 0.0328125 0.04265402843601896
2 0.287109375 0.6232227488151659 0.030468750000000003 0.028436018957345974
2 0.3453125 0.627962085308057 0.0328125 0.026066350710900476
2 0.419921875 0.6214454976303319 0.02109375 0.02962085308056872
2 0.44257812500000004 0.6356635071090048 0.030468750000000003 0.02962085308056872
2 0.40742187500000004 0.5971563981042655 0.01640625 0.023696682464454978
2 0.394140625 0.5882701421800949 0.013281250000000001 0.02251184834123223
2 0.36445312500000004 0.5995260663507109 0.02421875 0.026066350710900476
2 0.437109375 0.5770142180094787 0.02109375 0.023696682464454978
2 0.4859375 0.571090047393365 0.0203125 0.028436018957345974
2 0.8546875 0.6119668246445498 0.0203125 0.03909952606635071
2 0.8070312500000001 0.6066350710900474 0.018750000000000003 0.02132701421800948
2 0.77109375 0.639218009478673 0.029687500000000002 0.03672985781990522
2 0.72421875 0.6244075829383887 0.0234375 0.028436018957345974
2 0.7078125000000001 0.5817535545023698 0.018750000000000003 0.02132701421800948
2 0.990234375 0.6504739336492892 0.013281250000000001 0.04265402843601896
2 0.982421875 0.6125592417061612 0.02734375 0.03317535545023697
2 0.9234375 0.604265402843602 0.025 0.028436018957345974
2 0.9027343750000001 0.5847156398104266 0.01953125 0.015402843601895736
2 0.892578125 0.5734597156398105 0.01015625 0.016587677725118485
2 0.88046875 0.5604265402843602 0.0140625 0.018957345971563982
2 0.8542968750000001 0.5651658767772513 0.01640625 0.018957345971563982
2 0.827734375 0.5527251184834123 0.014843750000000001 0.02014218009478673
2 0.805859375 0.5681279620853081 0.014843750000000001 0.015402843601895736
2 0.75 0.5633886255924171 0.0140625 0.017772511848341235
2 0.7718750000000001 0.5959715639810427 0.028125 0.037914691943127965
2 0.102734375 0.5515402843601896 0.017968750000000002 0.024881516587677725
2 0.55390625 0.5704976303317536 0.018750000000000003 0.027251184834123227
2 0.54296875 0.5912322274881517 0.0140625 0.03554502369668247
2 0.5847656250000001 0.5704976303317536 0.013281250000000001 0.02014218009478673
2 0.6062500000000001 0.5740521327014219 0.0140625 0.015402843601895736
2 0.505078125 0.5545023696682465 0.01015625 0.03554502369668247
