2 0.880078125 0.764968152866242 0.23828125 0.3248407643312102
2 0.274609375 0.6401273885350318 0.15703125 0.2254777070063694
2 0.6136718750000001 0.6464968152866242 0.08515625 0.18726114649681527
2 0.70234375 0.6751592356687898 0.1765625 0.23694267515923564
2 0.519140625 0.6025477707006369 0.06015625 0.10700636942675158
2 0.5609375 0.6235668789808917 0.0671875 0.14140127388535031
2 0.37890625 0.5560509554140127 0.0390625 0.05477707006369426
2 0.534375 0.6076433121019108 0.06406250000000001 0.12229299363057325
5 0.07695312500000001 0.5254777070063694 0.15234375 0.27388535031847133
5 0.7765625 0.4929936305732484 0.21250000000000002 0.22929936305732482
5 0.9390625 0.5452229299363057 0.11406250000000001 0.27261146496815286
5 0.479296875 0.5535031847133758 0.049218750000000006 0.13630573248407643
2 0.448828125 0.5624203821656051 0.02734375 0.07261146496815286
