2 0.482421875 0.8694444444444445 0.049218750000000006 0.0638888888888889
2 0.637890625 0.7875 0.041406250000000006 0.05
2 0.74140625 0.7208333333333333 0.035937500000000004 0.0638888888888889
2 0.0328125 0.7631944444444445 0.035937500000000004 0.05694444444444444
2 0.0074218750000000005 0.7680555555555556 0.014843750000000001 0.06944444444444445
2 0.671875 0.7319444444444445 0.034375 0.05
2 0.681640625 0.6604166666666667 0.030468750000000003 0.0375
2 0.749609375 0.6333333333333333 0.02890625 0.03888888888888889
2 0.9363281250000001 0.9326388888888889 0.08515625 0.03194444444444445
2 0.94921875 0.9625 0.0859375 0.04722222222222222
2 0.946484375 0.9472222222222223 0.08046875 0.03333333333333333
