2 0.757421875 0.6708333333333334 0.13671875 0.14166666666666666
2 0.53828125 0.6736111111111112 0.24375000000000002 0.1638888888888889
2 0.6097656250000001 0.6243055555555556 0.11328125 0.09861111111111112
2 0.098828125 0.5854166666666667 0.03828125 0.059722222222222225
4 0.330078125 0.5993055555555555 0.022656250000000003 0.10138888888888889
4 0.36796875 0.6027777777777777 0.0140625 0.08888888888888889
4 0.389453125 0.6013888888888889 0.01953125 0.09722222222222222
2 0.255859375 0.6770833333333334 0.18515625000000002 0.2763888888888889
2 0.45234375000000004 0.6048611111111112 0.059375000000000004 0.07083333333333333
2 0.41250000000000003 0.6118055555555556 0.025 0.07916666666666666
5 0.494921875 0.5611111111111111 0.14609375 0.0638888888888889
5 0.207421875 0.5770833333333334 0.12421875 0.22083333333333335
2 0.6609375000000001 0.6333333333333333 0.026562500000000003 0.11111111111111112
