2 0.482421875 0.8694444444444445 0.049218750000000006 0.0638888888888889
2 0.637890625 0.7875 0.041406250000000006 0.05
2 0.7410156250000001 0.7208333333333333 0.03671875 0.0638888888888889
2 0.9324218750000001 0.9263888888888889 0.06953125 0.04166666666666667
2 0.9609375 0.9631944444444445 0.060937500000000006 0.03194444444444445
2 0.035546875 0.7625000000000001 0.039843750000000004 0.061111111111111116
2 0.010546875 0.7645833333333334 0.01953125 0.0763888888888889
2 0.6820312500000001 0.6548611111111111 0.028125 0.04583333333333334
2 0.6722656250000001 0.7361111111111112 0.03515625 0.044444444444444446
2 0.75 0.6368055555555556 0.028125 0.0375
