2 0.45390625 0.7161803713527851 0.0859375 0.09814323607427056
2 0.36171875000000003 0.6830238726790451 0.0484375 0.05835543766578249
2 0.5496093750000001 0.7009283819628647 0.07890625000000001 0.11538461538461538
5 0.19882812500000002 0.6372679045092838 0.09765625 0.17374005305039786
2 0.41171875 0.6810344827586207 0.03125 0.046419098143236075
2 0.5027343750000001 0.6830238726790451 0.03671875 0.0716180371352785
2 0.6171875 0.659814323607427 0.026562500000000003 0.03580901856763925
5 0.66796875 0.6618037135278514 0.028125 0.05835543766578249
5 0.5066406250000001 0.6206896551724138 0.03515625 0.0636604774535809
5 0.43867187500000004 0.6445623342175066 0.039843750000000004 0.06100795755968169
