2 0.536328125 0.7426729191090269 0.05390625 0.08089097303634231
2 0.05859375 0.6781946072684641 0.051562500000000004 0.05509964830011723
2 0.408984375 0.8300117233294255 0.06171875 0.07737397420867526
2 0.15781250000000002 0.6840562719812426 0.060937500000000006 0.062133645955451344
5 0.30625 0.8745603751465415 0.09531250000000001 0.14302461899179367
2 0.6058593750000001 0.7930832356389214 0.05859375 0.09495896834701055
2 0.36250000000000004 0.6981242672919109 0.0484375 0.05509964830011723
2 0.2078125 0.8423212192262602 0.08125 0.08792497069167643
5 0.42226562500000003 0.6283704572098475 0.03671875 0.05158264947245017
5 0.591015625 0.5504103165298945 0.017968750000000002 0.03868698710433763
2 0.21015625000000002 0.6225087924970691 0.028125 0.035169988276670575
2 0.283984375 0.6101992966002344 0.032031250000000004 0.03399765533411488
2 0.37031250000000004 0.618991793669402 0.028125 0.035169988276670575
2 0.38710937500000003 0.5803048065650644 0.022656250000000003 0.021101992966002344
2 0.46718750000000003 0.6729191090269636 0.035937500000000004 0.04454865181711606
2 0.49296875 0.6207502930832356 0.0234375 0.041031652989449004
2 0.51328125 0.6031652989449003 0.015625 0.026963657678780773
2 0.54296875 0.6459554513481829 0.028125 0.03751465416178194
2 0.55703125 0.6154747948417351 0.0203125 0.03048065650644783
2 0.47265625 0.6066822977725673 0.025 0.029308323563892142
2 0.432421875 0.5615474794841735 0.01953125 0.021101992966002344
2 0.46992187500000004 0.5580304806565064 0.014843750000000001 0.01875732708089097
2 0.5421875 0.577960140679953 0.018750000000000003 0.025791324736225085
