2 0.8757812500000001 0.76328125 0.23750000000000002 0.3484375
2 0.67734375 0.7171875000000001 0.16875 0.265625
2 0.5625 0.6570312500000001 0.08281250000000001 0.1390625
2 0.3515625 0.71796875 0.1421875 0.2328125
2 0.244140625 0.6414062500000001 0.07734375 0.11093750000000001
2 0.18125000000000002 0.6625000000000001 0.07187500000000001 0.115625
2 0.4140625 0.6257812500000001 0.05625 0.0921875
2 0.540234375 0.534375 0.04609375 0.084375
4 0.7757812500000001 0.6273437500000001 0.028125 0.1078125
2 0.44257812500000004 0.51796875 0.02890625 0.051562500000000004
2 0.8246093750000001 0.496875 0.057031250000000006 0.037500000000000006
2 0.97265625 0.4890625 0.053125000000000006 0.043750000000000004
