2 0.914 0.8563084112149532 0.166 0.2827102803738318
2 0.0995 0.7137850467289719 0.185 0.20794392523364486
2 0.585 0.7757009345794392 0.08600000000000001 0.1542056074766355
2 0.425 0.733644859813084 0.048 0.07009345794392523
2 0.3375 0.7359813084112149 0.023 0.06074766355140186
2 0.20650000000000002 0.7289719626168224 0.053 0.12149532710280372
2 0.64 0.7757009345794392 0.028 0.07476635514018691
2 0.6970000000000001 0.7686915887850466 0.056 0.11214953271028036
2 0.704 0.7990654205607476 0.048 0.11682242990654204
2 0.8025 0.8422897196261682 0.117 0.20794392523364486
2 0.7425 0.8107476635514018 0.035 0.14018691588785046
