2 0.32851562500000003 0.9110953058321479 0.17734375000000002 0.13513513513513514
2 0.8640625000000001 0.9267425320056899 0.040625 0.061166429587482224
5 0.593359375 0.9110953058321479 0.09453125000000001 0.11237553342816502
3 0.4453125 0.9345661450924609 0.0625 0.06258890469416785
3 0.08203125 0.9068278805120911 0.07187500000000001 0.09815078236130868
3 0.20664062500000002 0.9196301564722618 0.06484375 0.09530583214793742
4 0.17695312500000002 0.8911806543385491 0.03828125 0.1465149359886202
2 0.94921875 0.9231863442389758 0.09843750000000001 0.14509246088193456
3 0.6746093750000001 0.9359886201991465 0.025781250000000002 0.06827880512091039
4 0.6746093750000001 0.9089615931721196 0.02421875 0.07396870554765292
4 0.298046875 0.8883357041251778 0.030468750000000003 0.1806543385490754
4 0.328125 0.9352773826458037 0.0328125 0.09246088193456616
