2 0.505859375 0.8585858585858587 0.11640625 0.1234567901234568
2 0.2234375 0.8484848484848485 0.1 0.09876543209876544
2 0.28515625 0.8350168350168351 0.0765625 0.08529741863075196
2 0.090234375 0.840628507295174 0.14453125 0.1661054994388328
2 0.688671875 0.8209876543209877 0.05234375 0.07744107744107745
2 0.4265625 0.8389450056116724 0.07968750000000001 0.08866442199775534
2 0.770703125 0.8041526374859709 0.05234375 0.052749719416386086
2 0.721875 0.8041526374859709 0.03125 0.07295173961840629
2 0.630859375 0.8254769921436589 0.07578125000000001 0.10662177328843997
2 0.58359375 0.8277216610549945 0.0328125 0.09764309764309766
2 0.33437500000000003 0.8260381593714927 0.0734375 0.09203142536475871
2 0.178125 0.809203142536476 0.0671875 0.07407407407407408
2 0.019140625 0.8215488215488216 0.03515625 0.08529741863075196
2 0.3796875 0.8249158249158249 0.025 0.08080808080808081
