2 0.5328125 0.7076271186440678 0.1640625 0.18038740920096852
2 0.895703125 0.6779661016949153 0.15234375 0.11864406779661017
2 0.30000000000000004 0.637409200968523 0.078125 0.10774818401937046
2 0.6566406250000001 0.6549636803874093 0.08046875 0.07990314769975787
4 0.10234375000000001 0.637409200968523 0.040625 0.13196125907990316
2 0.166015625 0.6168280871670703 0.03828125 0.05690072639225182
2 0.19882812500000002 0.6059322033898306 0.025781250000000002 0.03753026634382567
2 0.23515625 0.6125907990314771 0.0390625 0.05084745762711865
2 0.253125 0.6283292978208233 0.025 0.06053268765133172
2 0.36015625 0.6162227602905569 0.034375 0.04116222760290557
2 0.446875 0.6180387409200969 0.034375 0.06658595641646489
2 0.6019531250000001 0.6743341404358354 0.05390625 0.14285714285714288
1 0.56171875 0.585956416464891 0.0765625 0.07021791767554479
1 0.38203125000000004 0.6083535108958839 0.043750000000000004 0.07627118644067797
