2 0.798046875 0.8043175487465181 0.10703125000000001 0.10167130919220056
2 0.83203125 0.7590529247910863 0.0921875 0.0947075208913649
2 0.9535156250000001 0.8857938718662952 0.09140625000000001 0.09749303621169916
2 0.544140625 0.674791086350975 0.055468750000000004 0.06824512534818941
2 0.6097656250000001 0.6615598885793872 0.05859375 0.04735376044568245
2 0.649609375 0.7270194986072424 0.07734375 0.08356545961002786
2 0.704296875 0.7103064066852368 0.08359375000000001 0.0947075208913649
2 0.650390625 0.5118384401114207 0.04609375 0.0403899721448468
2 0.8269531250000001 0.4672701949860724 0.03828125 0.034818941504178275
2 0.6957031250000001 0.44637883008356544 0.032031250000000004 0.02924791086350975
2 0.59765625 0.4777158774373259 0.043750000000000004 0.03899721448467967
2 0.5625 0.4763231197771588 0.0234375 0.03064066852367688
2 0.5296875 0.4672701949860724 0.026562500000000003 0.026462395543175487
2 0.44609375 0.4958217270194986 0.037500000000000006 0.027855153203342618
2 0.4296875 0.48467966573816157 0.028125 0.04178272980501393
4 0.294921875 0.9658774373259053 0.02734375 0.06545961002785515
4 0.10859375 0.6775766016713092 0.0140625 0.05153203342618384
4 0.082421875 0.685933147632312 0.013281250000000001 0.06267409470752089
