2 0.7972656250000001 0.814453125 0.11171875 0.09244791666666666
2 0.952734375 0.8899739583333333 0.09296875 0.09505208333333333
2 0.830078125 0.7734375 0.09765625 0.08333333333333333
2 0.608984375 0.6901041666666666 0.07421875 0.057291666666666664
2 0.5417968750000001 0.69140625 0.06015625 0.06510416666666666
2 0.645703125 0.7395833333333333 0.07578125000000001 0.08333333333333333
2 0.7054687500000001 0.7174479166666666 0.078125 0.08854166666666666
2 0.6472656250000001 0.5436197916666666 0.04609375 0.037760416666666664
2 0.8230468750000001 0.49869791666666663 0.039843750000000004 0.041666666666666664
2 0.7921875 0.48828125 0.03125 0.0390625
2 0.8894531250000001 0.47916666666666663 0.02421875 0.03125
2 0.6957031250000001 0.4759114583333333 0.032031250000000004 0.02734375
2 0.703125 0.49283854166666663 0.0234375 0.01953125
2 0.599609375 0.5078125 0.04609375 0.03645833333333333
2 0.563671875 0.5078125 0.02734375 0.028645833333333332
2 0.5417968750000001 0.5279947916666666 0.03671875 0.029947916666666664
2 0.511328125 0.5208333333333333 0.022656250000000003 0.026041666666666664
2 0.53515625 0.501953125 0.025 0.01953125
2 0.446875 0.53125 0.037500000000000006 0.028645833333333332
2 0.4734375 0.5390625 0.0484375 0.03645833333333333
5 0.43789062500000003 0.51953125 0.05234375 0.046875
4 0.291796875 0.962890625 0.022656250000000003 0.06380208333333333
4 0.10820312500000001 0.6979166666666666 0.014843750000000001 0.0546875
4 0.08203125 0.7037760416666666 0.015625 0.05859375
