5 0.152734375 0.6506944444444445 0.30546875 0.3402777777777778
2 0.606640625 0.6284722222222222 0.047656250000000004 0.059722222222222225
5 0.390625 0.6284722222222222 0.18906250000000002 0.19583333333333333
2 0.805859375 0.65 0.19296875000000002 0.12222222222222223
2 0.48359375000000004 0.6326388888888889 0.028125 0.07361111111111111
2 0.5105468750000001 0.6083333333333334 0.03828125 0.0638888888888889
2 0.52734375 0.6062500000000001 0.029687500000000002 0.04027777777777778
2 0.654296875 0.6194444444444445 0.025781250000000002 0.03333333333333333
2 0.73203125 0.6340277777777779 0.0859375 0.09305555555555556
5 0.566015625 0.5993055555555555 0.049218750000000006 0.09861111111111112
3 0.6734375 0.6375000000000001 0.010937500000000001 0.025
4 0.675390625 0.6229166666666667 0.014843750000000001 0.043055555555555555
4 0.9750000000000001 0.7833333333333333 0.0484375 0.4222222222222222
