2 0.48205128205128206 0.867881548974943 0.04871794871794872 0.06378132118451024
2 0.6371794871794871 0.785876993166287 0.041025641025641026 0.05011389521640091
2 0.7410256410256411 0.7198177676537585 0.035897435897435895 0.06378132118451024
2 0.6814102564102564 0.6571753986332574 0.026923076923076925 0.03872437357630979
2 0.6724358974358975 0.7369020501138952 0.03461538461538462 0.04783599088838269
2 0.75 0.6321184510250569 0.03076923076923077 0.03872437357630979
2 0.9423076923076923 0.9248291571753986 0.09487179487179487 0.03189066059225512
2 0.9506410256410256 0.949886104783599 0.0858974358974359 0.03189066059225512
2 0.010256410256410256 0.7710706150341685 0.020512820512820513 0.07061503416856492
2 0.03397435897435897 0.765375854214123 0.03461538461538462 0.0592255125284738
