2 0.082421875 0.8916666666666667 0.16328125000000002 0.2138888888888889
2 0.6429687500000001 0.8652777777777778 0.0890625 0.09166666666666667
2 0.8382812500000001 0.8534722222222223 0.08125 0.05694444444444444
2 0.30898437500000003 0.8430555555555556 0.06640625 0.07222222222222223
2 0.9328125 0.8951388888888889 0.13125 0.17916666666666667
2 0.41835937500000003 0.85 0.06640625 0.10277777777777779
2 0.38515625000000003 0.81875 0.021875000000000002 0.034722222222222224
2 0.59765625 0.8326388888888889 0.026562500000000003 0.0375
2 0.5730468750000001 0.8243055555555556 0.022656250000000003 0.03194444444444445
2 0.550390625 0.8215277777777779 0.02109375 0.02638888888888889
2 0.5320312500000001 0.820138888888889 0.0171875 0.02638888888888889
2 0.5183593750000001 0.826388888888889 0.022656250000000003 0.025
2 0.499609375 0.8194444444444445 0.01640625 0.022222222222222223
2 0.48750000000000004 0.8194444444444445 0.010937500000000001 0.016666666666666666
2 0.47109375000000003 0.8215277777777779 0.0140625 0.020833333333333336
2 0.46015625000000004 0.8159722222222222 0.0125 0.015277777777777779
5 0.7054687500000001 0.8305555555555556 0.0625 0.061111111111111116
