2 0.366796875 0.6071784646061814 0.05390625 0.051844466600199396
2 0.13398437500000002 0.5852442671984047 0.05234375 0.051844466600199396
2 0.536328125 0.6360917248255233 0.12578125 0.11365902293120637
2 0.197265625 0.5767696909272183 0.03515625 0.03888334995014955
2 0.23125 0.5837487537387837 0.034375 0.036889332003988036
2 0.269140625 0.5887337986041874 0.03828125 0.030907278165503486
2 0.7953125000000001 0.6610169491525423 0.037500000000000006 0.03788634097706879
2 0.9343750000000001 0.6734795613160518 0.059375000000000004 0.05483549351944167
2 0.9089843750000001 0.6669990029910269 0.032031250000000004 0.051844466600199396
2 0.7585937500000001 0.6490528414755732 0.034375 0.027916251246261216
