2 0.33710937500000004 0.7767732962447844 0.20078125000000002 0.3184979137691238
2 0.20078125000000002 0.7176634214186369 0.1125 0.17246175243393602
2 0.109375 0.6787204450625869 0.0859375 0.16689847009735742
4 0.8011718750000001 0.760778859527121 0.04296875 0.22809457579972184
4 0.65234375 0.721835883171071 0.040625 0.19193324061196104
4 0.6082031250000001 0.7378303198887343 0.030468750000000003 0.17941585535465923
4 0.5703125 0.7343532684283727 0.026562500000000003 0.19749652294853962
4 0.534765625 0.7420027816411683 0.032031250000000004 0.1877607788595271
4 0.498828125 0.7280945757997218 0.03359375 0.2183588317107093
4 0.594140625 0.7058414464534075 0.017968750000000002 0.16550764951321278
