2 0.484375 0.7848984771573604 0.18125000000000002 0.1383248730964467
2 0.83515625 0.7893401015228426 0.22968750000000002 0.17766497461928932
3 0.65625 0.8001269035532994 0.09062500000000001 0.07994923857868019
4 0.6585937500000001 0.7677664974619288 0.040625 0.10406091370558375
2 0.258984375 0.7030456852791878 0.05390625 0.07614213197969542
4 0.3046875 0.7068527918781725 0.0171875 0.09898477157360405
4 0.565625 0.6871827411167513 0.018750000000000003 0.07233502538071065
4 0.630078125 0.6833756345177664 0.013281250000000001 0.06979695431472081
4 0.65390625 0.6846446700507614 0.010937500000000001 0.06725888324873096
4 0.71796875 0.714467005076142 0.025 0.06091370558375634
3 0.719921875 0.756979695431472 0.022656250000000003 0.05710659898477157
3 0.30507812500000003 0.7296954314720812 0.022656250000000003 0.050761421319796954
