2 0.80859375 0.9140625 0.10312500000000001 0.109375
2 0.584375 0.8848958333333333 0.09531250000000001 0.10520833333333333
2 0.41875 0.8 0.08125 0.09166666666666666
2 0.516015625 0.76875 0.07265625 0.07916666666666666
2 0.712109375 0.7932291666666667 0.08515625 0.09479166666666666
2 0.5535156250000001 0.7119791666666666 0.06484375 0.071875
2 0.51796875 0.678125 0.0546875 0.06041666666666667
2 0.316015625 0.6317708333333333 0.047656250000000004 0.057291666666666664
2 0.9808593750000001 0.6682291666666667 0.03671875 0.059375
2 0.6292968750000001 0.7401041666666667 0.08046875 0.10729166666666666
2 0.915234375 0.5875 0.03671875 0.0375
2 0.65546875 0.6171875 0.0484375 0.053125
2 0.47265625 0.5828125 0.0390625 0.042708333333333334
2 0.494921875 0.6109375 0.04453125 0.042708333333333334
2 0.43007812500000003 0.6552083333333333 0.05078125 0.05416666666666667
2 0.38789062500000004 0.6291666666666667 0.047656250000000004 0.04375
2 0.3921875 0.5895833333333333 0.0421875 0.03333333333333333
2 0.350390625 0.5390625 0.032031250000000004 0.034375
2 0.33242187500000003 0.56875 0.03515625 0.05
2 0.263671875 0.5515625 0.032031250000000004 0.034375
2 0.242578125 0.565625 0.03671875 0.041666666666666664
2 0.203125 0.48125 0.029687500000000002 0.04375
2 0.41718750000000004 0.5328125 0.035937500000000004 0.03854166666666667
2 0.579296875 0.5114583333333333 0.030468750000000003 0.04375
2 0.40664062500000003 0.4817708333333333 0.02890625 0.028125
2 0.180078125 0.41770833333333335 0.02421875 0.025
2 0.228515625 0.4432291666666667 0.02421875 0.03229166666666666
2 0.658203125 0.49895833333333334 0.032031250000000004 0.035416666666666666
2 0.55 0.4510416666666667 0.0234375 0.022916666666666665
2 0.51484375 0.4427083333333333 0.026562500000000003 0.027083333333333334
2 0.48554687500000004 0.4380208333333333 0.022656250000000003 0.026041666666666668
2 0.448046875 0.4270833333333333 0.025781250000000002 0.025
2 0.298046875 0.4401041666666667 0.022656250000000003 0.026041666666666668
2 0.265234375 0.4140625 0.02109375 0.028125
2 0.37539062500000003 0.4427083333333333 0.02109375 0.029166666666666667
2 0.34296875000000004 0.3989583333333333 0.021875000000000002 0.03333333333333333
2 0.331640625 0.37395833333333334 0.017968750000000002 0.027083333333333334
2 0.981640625 0.5078125 0.017968750000000002 0.026041666666666668
2 0.9636718750000001 0.4942708333333333 0.032031250000000004 0.030208333333333334
2 0.9261718750000001 0.4817708333333333 0.02734375 0.026041666666666668
2 0.9015625 0.43697916666666664 0.025 0.026041666666666668
5 0.570703125 0.628125 0.05859375 0.11458333333333333
5 0.291015625 0.5859375 0.05234375 0.06979166666666667
5 0.34140625 0.4614583333333333 0.046875 0.0875
5 0.273046875 0.48385416666666664 0.04453125 0.065625
5 0.611328125 0.5020833333333333 0.02734375 0.04791666666666666
5 0.53828125 0.409375 0.021875000000000002 0.029166666666666667
5 0.29140625000000003 0.4125 0.0234375 0.041666666666666664
5 0.25039062500000003 0.3890625 0.025781250000000002 0.042708333333333334
1 0.8500000000000001 0.4302083333333333 0.0328125 0.041666666666666664
4 0.19062500000000002 0.6697916666666667 0.025 0.05416666666666667
3 0.18984375 0.6895833333333333 0.026562500000000003 0.04583333333333333
2 0.2921875 0.828125 0.08750000000000001 0.13333333333333333
