2 0.076171875 0.7565172054223149 0.15234375 0.23044838373305526
4 0.9363281250000001 0.678310740354536 0.06015625 0.15954118873826903
3 0.9359375000000001 0.7221063607924922 0.06406250000000001 0.12200208550573514
2 0.21054687500000002 0.7064650677789364 0.14765625000000002 0.22419186652763295
2 0.39101562500000003 0.6934306569343066 0.10078125 0.15641293013555788
2 0.762890625 0.6934306569343066 0.11796875000000001 0.15015641293013557
2 0.8296875 0.664754953076121 0.0421875 0.11366006256517205
2 0.6902343750000001 0.6840458811261731 0.047656250000000004 0.13555787278415016
3 0.3609375 0.7398331595411888 0.037500000000000006 0.09071949947862357
4 0.358203125 0.6882168925964547 0.04296875 0.12721584984358708
2 0.308203125 0.6371220020855057 0.06796875000000001 0.04171011470281544
