2 0.18046875 0.7419786096256684 0.1171875 0.09893048128342245
2 0.268359375 0.7771836007130124 0.10546875 0.1122994652406417
2 0.88046875 0.7361853832442067 0.1 0.0944741532976827
2 0.8671875 0.8640819964349375 0.1484375 0.13636363636363635
2 0.39296875000000003 0.6163101604278074 0.053125000000000006 0.05258467023172905
2 0.7296875 0.678698752228164 0.07500000000000001 0.07754010695187165
2 0.69140625 0.6296791443850267 0.05625 0.05080213903743315
2 0.32890625 0.5926916221033868 0.045312500000000006 0.0463458110516934
2 0.909375 0.6853832442067735 0.0890625 0.0944741532976827
2 0.351171875 0.6853832442067735 0.08359375000000001 0.0926916221033868
2 0.7835937500000001 0.6341354723707665 0.05625 0.054367201426024955
2 0.846875 0.6140819964349375 0.05625 0.0427807486631016
2 0.778515625 0.56951871657754 0.041406250000000006 0.0320855614973262
2 0.730078125 0.5860071301247771 0.041406250000000006 0.034759358288770054
2 0.648046875 0.56951871657754 0.03828125 0.0320855614973262
2 0.6875 0.5459001782531194 0.029687500000000002 0.02406417112299465
2 0.734375 0.5392156862745098 0.034375 0.0285204991087344
2 0.7113281250000001 0.5249554367201426 0.02421875 0.0196078431372549
2 0.657421875 0.5147058823529411 0.032031250000000004 0.02406417112299465
2 0.6355468750000001 0.5374331550802138 0.030468750000000003 0.0285204991087344
2 0.6199218750000001 0.5236185383244206 0.022656250000000003 0.02406417112299465
2 0.6062500000000001 0.5022281639928698 0.018750000000000003 0.01693404634581105
2 0.412890625 0.5753119429590018 0.04296875 0.04188948306595365
2 0.458984375 0.5334224598930482 0.03359375 0.02762923351158645
2 0.428515625 0.5187165775401069 0.017968750000000002 0.0338680926916221
2 0.358203125 0.5236185383244206 0.025781250000000002 0.02762923351158645
2 0.47304687500000003 0.5129233511586453 0.02734375 0.022281639928698752
2 0.44843750000000004 0.49643493761140817 0.021875000000000002 0.0160427807486631
2 0.39179687500000004 0.49153297682709446 0.02421875 0.01515151515151515
2 0.428515625 0.48039215686274506 0.017968750000000002 0.017825311942959
5 0.32734375000000004 0.5436720142602495 0.0484375 0.0392156862745098
5 0.397265625 0.5289661319073083 0.04453125 0.05614973262032085
5 0.6468750000000001 0.4959893048128342 0.026562500000000003 0.040106951871657755
