2 0.49765625 0.8398601398601399 0.051562500000000004 0.057342657342657345
3 0.33125000000000004 0.893006993006993 0.05 0.0937062937062937
4 0.34023437500000003 0.8461538461538461 0.039843750000000004 0.10909090909090909
2 0.7292968750000001 0.879020979020979 0.07265625 0.13846153846153847
2 0.6546875000000001 0.8328671328671329 0.029687500000000002 0.02937062937062937
2 0.6316406250000001 0.8265734265734266 0.01953125 0.025174825174825173
3 0.6125 0.8447552447552448 0.0125 0.039160839160839164
3 0.583203125 0.8412587412587412 0.01015625 0.026573426573426574
3 0.5691406250000001 0.8496503496503497 0.013281250000000001 0.04055944055944056
3 0.5320312500000001 0.8734265734265734 0.0234375 0.06293706293706294
4 0.530859375 0.848951048951049 0.01640625 0.06153846153846154
4 0.56875 0.8307692307692308 0.010937500000000001 0.04195804195804196
4 0.583203125 0.8216783216783217 0.00859375 0.03776223776223776
4 0.6140625000000001 0.8293706293706293 0.009375000000000001 0.04755244755244755
4 0.8828125 0.8909090909090909 0.026562500000000003 0.13986013986013987
