2 0.9359375000000001 0.7456724367509987 0.1265625 0.3249001331557923
2 0.14453125 0.6897470039946738 0.15156250000000002 0.20239680426098536
2 0.14375000000000002 0.8914780292942743 0.2734375 0.21438082556591212
2 0.265625 0.6418109187749668 0.10312500000000001 0.15978695073235688
2 0.7523437500000001 0.6810918774966711 0.134375 0.25432756324900135
4 0.417578125 0.7210386151797604 0.08671875000000001 0.25432756324900135
3 0.420703125 0.7762982689747004 0.08515625 0.21571238348868177
2 0.42734375 0.6464713715046605 0.1265625 0.1744340878828229
2 0.8558593750000001 0.5013315579227696 0.14453125 0.1051930758988016
2 0.9710937500000001 0.4900133155792277 0.0546875 0.151797603195739
