2 0.732421875 0.5729166666666667 0.05390625 0.08750000000000001
2 0.5671875000000001 0.6152777777777778 0.15625 0.20277777777777778
2 0.41015625 0.5736111111111112 0.1 0.11388888888888889
2 0.667578125 0.5826388888888889 0.04453125 0.0625
2 0.215234375 0.6104166666666667 0.10078125 0.09027777777777778
2 0.294921875 0.5895833333333333 0.06796875000000001 0.09583333333333334
5 0.91796875 0.5729166666666667 0.05625 0.11527777777777778
5 0.8234375 0.5750000000000001 0.0765625 0.125
4 0.028515625000000003 0.61875 0.04296875 0.1513888888888889
4 0.15937500000000002 0.6152777777777778 0.025 0.16666666666666669
4 0.142578125 0.6159722222222223 0.049218750000000006 0.15416666666666667
4 0.44062500000000004 0.5993055555555555 0.028125 0.1486111111111111
4 0.8265625000000001 0.6013888888888889 0.029687500000000002 0.15555555555555556
