2 0.274609375 0.5521172638436482 0.30234375 0.2204125950054289
2 0.16171875000000002 0.511400651465798 0.17500000000000002 0.15852334419109665
4 0.64453125 0.6107491856677525 0.134375 0.35939196525515743
4 0.487109375 0.45602605863192186 0.03671875 0.10423452768729642
2 0.7664062500000001 0.47448425624321394 0.1234375 0.1281216069489685
0 0.645703125 0.7334419109663409 0.11015625000000001 0.2725298588490771
4 0.5789062500000001 0.47828447339847996 0.0578125 0.16612377850162868
2 0.657421875 0.45548317046688386 0.07890625000000001 0.10749185667752444
2 0.81015625 0.41368078175895767 0.0546875 0.0738327904451683
3 0.48671875000000003 0.485884907709012 0.0328125 0.055374592833876225
3 0.5765625 0.5439739413680782 0.0703125 0.1693811074918567
