2 0.509375 0.5171875 0.0671875 0.03854166666666667
5 0.270703125 0.6598958333333333 0.41015625 0.29270833333333335
2 0.64375 0.4848958333333333 0.065625 0.028125
2 0.6058593750000001 0.5182291666666666 0.047656250000000004 0.03229166666666666
2 0.5796875 0.5088541666666666 0.040625 0.034375
5 0.683203125 0.49374999999999997 0.11484375000000001 0.05
5 0.525390625 0.48125 0.022656250000000003 0.035416666666666666
5 0.472265625 0.48072916666666665 0.05859375 0.036458333333333336
5 0.355078125 0.5052083333333334 0.25703125 0.125
5 0.2890625 0.4734375 0.240625 0.109375
5 0.083203125 0.48125 0.16484375 0.13541666666666666
4 0.1328125 0.5072916666666667 0.0234375 0.06458333333333333
4 0.16953125000000002 0.5557291666666666 0.051562500000000004 0.053125
4 0.11992187500000001 0.5677083333333334 0.049218750000000006 0.08958333333333333
4 0.029296875 0.6692708333333334 0.057031250000000006 0.278125
