2 0.36640625000000004 0.6071784646061814 0.053125000000000006 0.051844466600199396
2 0.13398437500000002 0.5847457627118644 0.05234375 0.05284147557328016
2 0.5359375000000001 0.6360917248255233 0.125 0.11365902293120637
2 0.796484375 0.6625124626121635 0.03671875 0.042871385842472576
2 0.75546875 0.6550348953140578 0.037500000000000006 0.025922233300099698
2 0.93359375 0.6739780658025921 0.0625 0.0398803589232303
2 0.909375 0.6650049850448654 0.0390625 0.04187437686939182
2 0.26796875000000003 0.5872382851445662 0.035937500000000004 0.03389830508474576
2 0.23046875 0.5902293120638086 0.037500000000000006 0.031904287138584245
2 0.19648437500000002 0.5807577268195413 0.032031250000000004 0.030907278165503486
