2 0.76171875 0.6598311218335343 0.1375 0.20024125452352232
2 0.8910156250000001 0.7237635705669481 0.19140625 0.255729794933655
2 0.18867187500000002 0.6930036188178528 0.16953125000000002 0.26658624849215923
3 0.5808593750000001 0.7997587454764776 0.08203125 0.23401688781664653
2 0.57421875 0.6441495778045838 0.14375000000000002 0.17852834740651385
2 0.882421875 0.9028950542822677 0.23359375000000002 0.18938480096501809
4 0.584375 0.7159227985524728 0.0890625 0.25211097708082025
2 0.027734375000000002 0.7623642943305187 0.04609375 0.34016887816646557
2 0.106640625 0.4993968636911942 0.20234375000000002 0.10856453558504221
2 0.6683593750000001 0.5566948130277443 0.06953125 0.09047044632086851
