2 0.724609375 0.5515743756786102 0.30390625000000004 0.22801302931596093
4 0.512109375 0.45548317046688386 0.03671875 0.10314875135722042
2 0.837890625 0.5173724212812161 0.17578125 0.1704668838219327
4 0.351171875 0.6020629750271445 0.13359375 0.32464712269272533
2 0.23359375000000002 0.47502714440825194 0.1265625 0.13355048859934854
3 0.417578125 0.5521172638436482 0.06484375 0.15960912052117265
0 0.35585937500000003 0.738327904451683 0.10859375 0.26058631921824105
2 0.34414062500000003 0.45765472312703587 0.07890625000000001 0.11400651465798047
2 0.18710937500000002 0.40879478827361565 0.055468750000000004 0.07057546145494029
3 0.51328125 0.47937024972855596 0.03125 0.057546145494028235
4 0.42265625 0.48045602605863197 0.0625 0.1791530944625407
