2 0.861328125 0.835480093676815 0.17265625 0.11592505854800937
2 0.58515625 0.7160421545667447 0.1328125 0.09250585480093677
2 0.5921875 0.8852459016393442 0.2078125 0.15456674473067916
1 0.246484375 0.5936768149882904 0.12890625 0.11475409836065574
2 0.5171875 0.8032786885245902 0.153125 0.1053864168618267
2 0.95703125 0.7775175644028103 0.08281250000000001 0.11475409836065574
2 0.92734375 0.6334894613583139 0.053125000000000006 0.05152224824355972
2 0.9304687500000001 0.7037470725995316 0.12187500000000001 0.09133489461358314
2 0.27187500000000003 0.7546838407494145 0.16875 0.08548009367681499
2 0.6355468750000001 0.6569086651053864 0.09765625 0.06323185011709602
2 0.7488281250000001 0.7693208430913349 0.14609375 0.09367681498829039
2 0.7269531250000001 0.6118266978922716 0.055468750000000004 0.05503512880562061
2 0.8269531250000001 0.5228337236533958 0.06328125 0.04800936768149883
2 0.882421875 0.5761124121779859 0.039843750000000004 0.046838407494145196
2 0.044140625 0.8846604215456675 0.08828125 0.11358313817330211
2 0.82421875 0.5761124121779859 0.0390625 0.05152224824355972
2 0.98203125 0.6247072599531616 0.034375 0.06908665105386416
2 0.7671875 0.7096018735362998 0.11406250000000001 0.06557377049180328
2 0.855078125 0.6288056206088993 0.049218750000000006 0.06323185011709602
2 0.503515625 0.6768149882903981 0.11796875000000001 0.08899297423887588
2 0.76328125 0.5608899297423887 0.034375 0.04449648711943794
2 0.744140625 0.5333723653395784 0.03828125 0.040983606557377046
2 0.6781250000000001 0.47423887587822017 0.018750000000000003 0.02576112412177986
2 0.69921875 0.4718969555035129 0.018750000000000003 0.02576112412177986
2 0.73046875 0.47540983606557374 0.018750000000000003 0.01873536299765808
2 0.739453125 0.48711943793911006 0.02890625 0.01873536299765808
2 0.7578125 0.5040983606557377 0.028125 0.026932084309133488
2 0.81171875 0.4607728337236534 0.035937500000000004 0.026932084309133488
2 0.47265625 0.5087822014051522 0.0484375 0.03395784543325527
2 0.487890625 0.48770491803278687 0.02109375 0.02459016393442623
2 0.50625 0.477751756440281 0.015625 0.02576112412177986
2 0.52578125 0.49004683840749413 0.021875000000000002 0.02459016393442623
2 0.5496093750000001 0.49121779859484777 0.02109375 0.02224824355971897
2 0.57578125 0.48653395784543324 0.018750000000000003 0.02459016393442623
2 0.08046875 0.6165105386416861 0.084375 0.03864168618266979
2 0.115234375 0.6668618266978923 0.10390625 0.09484777517564402
2 0.16914062500000002 0.5942622950819673 0.03671875 0.059718969555035126
1 0.358984375 0.5556206088992974 0.08984375 0.10187353629976581
1 0.31796875 0.531615925058548 0.0765625 0.06088992974238876
1 0.08867187500000001 0.4672131147540984 0.05390625 0.046838407494145196
1 0.036328125 0.594847775175644 0.07265625 0.08665105386416862
1 0.013281250000000001 0.6194379391100703 0.026562500000000003 0.07962529274004684
1 0.160546875 0.5614754098360656 0.10546875 0.06674473067915691
1 0.22734375 0.8548009367681498 0.22968750000000002 0.17798594847775176
2 0.77109375 0.6375878220140515 0.0578125 0.07611241217798595
4 0.83984375 0.9443793911007026 0.045312500000000006 0.10421545667447307
4 0.8972656250000001 0.5187353629976581 0.00859375 0.04449648711943794
4 0.26210937500000003 0.5245901639344263 0.01015625 0.03278688524590164
2 0.6410156250000001 0.5081967213114754 0.03515625 0.0351288056206089
