2 0.15703125 0.6916666666666668 0.060937500000000006 0.0642857142857143
2 0.057031250000000006 0.686904761904762 0.051562500000000004 0.05476190476190477
2 0.20546875 0.8547619047619048 0.07968750000000001 0.08571428571428572
2 0.53515625 0.7547619047619049 0.051562500000000004 0.08095238095238096
2 0.6046875 0.8047619047619048 0.059375000000000004 0.09523809523809525
5 0.30546875 0.886904761904762 0.0921875 0.13571428571428573
2 0.36015625 0.7095238095238096 0.0484375 0.05714285714285715
2 0.40859375000000003 0.8416666666666668 0.060937500000000006 0.07857142857142858
5 0.41875 0.6345238095238096 0.037500000000000006 0.05476190476190477
5 0.5906250000000001 0.5607142857142857 0.015625 0.04047619047619048
2 0.209375 0.6261904761904763 0.028125 0.03333333333333334
2 0.28203125 0.6130952380952381 0.026562500000000003 0.04047619047619048
2 0.36875 0.6261904761904763 0.028125 0.03333333333333334
2 0.46406250000000004 0.6785714285714286 0.034375 0.0380952380952381
2 0.54609375 0.6511904761904762 0.029687500000000002 0.045238095238095244
2 0.39296875000000003 0.5714285714285715 0.0171875 0.02380952380952381
2 0.54140625 0.5821428571428572 0.0171875 0.026190476190476195
2 0.5164062500000001 0.6190476190476191 0.0203125 0.028571428571428574
2 0.49453125000000003 0.6333333333333334 0.026562500000000003 0.04285714285714286
2 0.47109375000000003 0.6202380952380953 0.0171875 0.026190476190476195
