5 0.23984375000000002 0.5847222222222223 0.13593750000000002 0.09722222222222222
5 0.06796875000000001 0.6062500000000001 0.1328125 0.12638888888888888
2 0.8328125000000001 0.8055555555555556 0.3328125 0.3861111111111111
2 0.823828125 0.5791666666666667 0.17109375000000002 0.25
2 0.48515625 0.5381944444444444 0.0546875 0.051388888888888894
2 0.44765625000000003 0.5381944444444444 0.018750000000000003 0.0375
5 0.373046875 0.5125000000000001 0.06015625 0.05555555555555556
5 0.4703125 0.5013888888888889 0.115625 0.07777777777777778
2 0.555078125 0.5194444444444445 0.03671875 0.030555555555555558
4 0.43125 0.5506944444444445 0.0140625 0.051388888888888894
4 0.41718750000000004 0.5527777777777778 0.0125 0.058333333333333334
4 0.7140625 0.6319444444444444 0.06875 0.14722222222222223
