2 0.90625 0.8267776096822995 0.18125000000000002 0.28290468986384265
2 0.261328125 0.7049924357034796 0.032031250000000004 0.11497730711043873
2 0.31484375000000003 0.737518910741301 0.1 0.17700453857791226
2 0.371875 0.7360060514372163 0.0328125 0.17095310136157338
2 0.7660156250000001 0.7602118003025718 0.12109375 0.2617246596066566
2 0.9769531250000001 0.8782148260211801 0.041406250000000006 0.22844175491679275
2 0.6214843750000001 0.735249621785174 0.07265625 0.17549167927382753
3 0.171875 0.7798789712556733 0.051562500000000004 0.1346444780635401
3 0.6410156250000001 0.7866868381240545 0.039843750000000004 0.0816944024205749
3 0.12734375 0.7518910741301059 0.0328125 0.13010590015128592
2 0.075390625 0.7186081694402421 0.08984375 0.22087745839636913
4 0.0703125 0.8048411497730711 0.06875 0.3751891074130106
4 0.021875000000000002 0.7125567322239031 0.035937500000000004 0.2027231467473525
4 0.6492187500000001 0.7360060514372163 0.034375 0.14674735249621784
4 0.12460937500000001 0.7027231467473525 0.030468750000000003 0.12859304084720122
4 0.17539062500000002 0.7193645990922845 0.04453125 0.1860816944024206
