2 0.546875 0.7148541114058355 0.08750000000000001 0.09814323607427056
2 0.6359375 0.6836870026525198 0.05 0.05968169761273209
5 0.7992187500000001 0.6359416445623342 0.1 0.17108753315649866
2 0.4453125 0.6969496021220158 0.07187500000000001 0.11538461538461538
2 0.495703125 0.6797082228116711 0.03671875 0.0649867374005305
2 0.382421875 0.6571618037135278 0.02109375 0.03315649867374005
2 0.587109375 0.6783819628647214 0.02890625 0.04376657824933687
5 0.5593750000000001 0.6492042440318302 0.037500000000000006 0.0623342175066313
5 0.487109375 0.6213527851458885 0.03671875 0.07294429708222812
5 0.330859375 0.6631299734748011 0.025781250000000002 0.055702917771883284
