2 0.38671875 0.8075117370892019 0.065625 0.07981220657276995
2 0.370703125 0.7206572769953051 0.05078125 0.05868544600938967
2 0.3453125 0.630868544600939 0.035937500000000004 0.04342723004694836
2 0.358203125 0.5534037558685446 0.02734375 0.029342723004694836
2 0.34765625 0.5252347417840376 0.018750000000000003 0.024647887323943664
2 0.30312500000000003 0.5146713615023474 0.0234375 0.02699530516431925
2 0.341796875 0.4906103286384977 0.017968750000000002 0.035211267605633804
2 0.37226562500000004 0.47535211267605637 0.01171875 0.018779342723004695
2 0.18320312500000002 0.41725352112676056 0.022656250000000003 0.024647887323943664
2 0.15390625000000002 0.42136150234741787 0.025 0.01643192488262911
