2 0.7046875 0.779601406799531 0.153125 0.20164126611957794
2 0.513671875 0.7233294255568581 0.10078125 0.11723329425556857
2 0.11210937500000001 0.7221570926143024 0.14609375 0.20164126611957794
2 0.60078125 0.6840562719812426 0.0578125 0.07151230949589683
2 0.310546875 0.6951934349355217 0.09453125000000001 0.12426729191090269
2 0.03359375 0.7391559202813599 0.06406250000000001 0.2309495896834701
2 0.6796875 0.6383352872215708 0.051562500000000004 0.08558030480656506
2 0.39296875000000003 0.6424384525205158 0.060937500000000006 0.07971864009378662
2 0.35664062500000004 0.6729191090269636 0.06484375 0.09378663540445487
2 0.45625000000000004 0.5158264947245017 0.06875 0.04689331770222743
2 0.548046875 0.593200468933177 0.05078125 0.04689331770222743
2 0.529296875 0.6365767878077373 0.04453125 0.05158264947245017
2 0.579296875 0.6447831184056272 0.05234375 0.07268464243845252
2 0.666015625 0.5973036342321218 0.09140625000000001 0.062133645955451344
2 0.65390625 0.48593200468933173 0.029687500000000002 0.03634232121922626
2 0.5796875 0.4759671746776084 0.029687500000000002 0.028135990621336458
2 0.633984375 0.4718640093786635 0.022656250000000003 0.026963657678780773
1 0.610546875 0.5386869871043376 0.06171875 0.10902696365767878
1 0.5437500000000001 0.5269636576787807 0.059375000000000004 0.08089097303634231
2 0.311328125 0.6025791324736225 0.07578125000000001 0.04220398593200469
2 0.331640625 0.5943728018757327 0.06328125 0.04220398593200469
2 0.369140625 0.5715123094958968 0.04453125 0.041031652989449004
2 0.392578125 0.5586166471277842 0.03828125 0.031652989449003514
