2 0.25039062500000003 0.4777628032345014 0.20078125000000002 0.4703504043126685
2 0.782421875 0.18935309973045822 0.10390625 0.16307277628032346
2 0.587109375 0.2459568733153639 0.12734375 0.16576819407008087
2 0.3609375 0.21630727762803237 0.1875 0.1307277628032345
2 0.6781250000000001 0.2028301886792453 0.12812500000000002 0.15229110512129382
2 0.06875 0.4804582210242588 0.1234375 0.9204851752021563
2 0.18906250000000002 0.5559299191374664 0.10312500000000001 0.5080862533692723
2 0.35781250000000003 0.4858490566037736 0.09062500000000001 0.37331536388140163
2 0.4140625 0.4474393530997305 0.10312500000000001 0.30997304582210244
2 0.458984375 0.40768194070080865 0.08359375000000001 0.3032345013477089
2 0.503515625 0.39892183288409705 0.04296875 0.24528301886792453
2 0.521484375 0.3504043126684636 0.04453125 0.23180592991913748
2 0.5574218750000001 0.3436657681940701 0.03359375 0.1752021563342318
