2 0.11406250000000001 0.9312227074235807 0.1421875 0.1353711790393013
2 0.15937500000000002 0.7161572052401747 0.1171875 0.1222707423580786
2 0.1375 0.796943231441048 0.134375 0.15283842794759825
2 0.40937500000000004 0.7832969432314411 0.1171875 0.12554585152838427
2 0.9496093750000001 0.5332969432314411 0.09609375 0.0927947598253275
2 0.43007812500000003 0.9388646288209607 0.13984375000000002 0.12008733624454147
2 0.3953125 0.6839519650655022 0.096875 0.11244541484716157
2 0.80234375 0.46342794759825323 0.08125 0.08406113537117904
2 0.620703125 0.6593886462882096 0.10078125 0.1353711790393013
2 0.15000000000000002 0.7516375545851528 0.1296875 0.1299126637554585
2 0.40156250000000004 0.3804585152838428 0.0734375 0.07532751091703056
2 0.251953125 0.33078602620087333 0.06796875000000001 0.06986899563318777
2 0.720703125 0.398471615720524 0.07578125000000001 0.08078602620087336
2 0.40703125 0.8990174672489083 0.1328125 0.14519650655021835
2 0.38671875 0.5316593886462881 0.07500000000000001 0.07860262008733623
2 0.22226562500000002 0.47052401746724887 0.07734375 0.10917030567685589
2 0.8894531250000001 0.5027292576419213 0.08203125 0.0796943231441048
2 0.18984375 0.5070960698689956 0.09062500000000001 0.09716157205240174
2 0.19492187500000002 0.5780567685589519 0.09921875000000001 0.1277292576419214
2 0.7625000000000001 0.4328602620087336 0.06875 0.06877729257641921
2 0.59296875 0.5212882096069869 0.084375 0.08624454148471615
2 0.555859375 0.38373362445414844 0.08359375000000001 0.0796943231441048
2 0.65625 0.834061135371179 0.1171875 0.1331877729257642
2 0.6578125 0.296943231441048 0.06406250000000001 0.06331877729257641
2 0.40859375000000003 0.5584061135371179 0.09375 0.07532751091703056
2 0.6566406250000001 0.36299126637554585 0.08046875 0.08406113537117904
2 0.25625000000000003 0.30622270742358076 0.06406250000000001 0.08842794759825327
2 0.3984375 0.46888646288209607 0.0765625 0.08624454148471615
2 0.6820312500000001 0.8569868995633187 0.115625 0.11135371179039301
2 0.7601562500000001 0.9110262008733624 0.234375 0.16921397379912662
2 0.558203125 0.23908296943231439 0.05078125 0.05895196506550218
2 0.52265625 0.28002183406113534 0.0578125 0.055676855895196505
2 0.503515625 0.324235807860262 0.05859375 0.048034934497816595
2 0.5066406250000001 0.35917030567685587 0.04453125 0.05676855895196506
2 0.5578125 0.4623362445414847 0.0859375 0.09497816593886463
2 0.6046875 0.5780567685589519 0.0890625 0.08406113537117904
2 0.650390625 0.75 0.12578125 0.09388646288209607
2 0.397265625 0.6304585152838428 0.11953125 0.14301310043668122
2 0.257421875 0.435589519650655 0.07734375 0.08951965065502183
2 0.241015625 0.3990174672489083 0.07421875 0.06441048034934498
2 0.234375 0.361353711790393 0.06875 0.043668122270742356
2 0.2765625 0.2838427947598253 0.043750000000000004 0.07205240174672489
2 0.2984375 0.2767467248908297 0.028125 0.0665938864628821
2 0.483203125 0.25054585152838427 0.041406250000000006 0.05786026200873362
6 0.39882812500000003 0.23526200873362443 0.08203125 0.16266375545851527
