2 0.6648437500000001 0.38777219430485765 0.1265625 0.16917922948073702
1 0.43671875000000004 0.23283082077051925 0.16562500000000002 0.2981574539363484
2 0.111328125 0.39112227805695143 0.12734375 0.19597989949748745
2 0.7000000000000001 0.6180904522613065 0.21250000000000002 0.39865996649916247
2 0.8070312500000001 0.7102177554438861 0.2703125 0.47906197654941374
2 0.7937500000000001 0.38944723618090454 0.12812500000000002 0.17922948073701842
2 0.598046875 0.3157453936348409 0.09453125000000001 0.1490787269681742
2 0.33320312500000004 0.46733668341708545 0.12109375 0.2780569514237856
2 0.30859375 0.41792294807370184 0.109375 0.2663316582914573
2 0.234375 0.35175879396984927 0.07968750000000001 0.18760469011725295
2 0.35585937500000003 0.48576214405360135 0.08515625 0.28475711892797323
2 0.16640625 0.2102177554438861 0.065625 0.12227805695142378
2 0.13046875 0.17839195979899497 0.037500000000000006 0.10217755443886098
2 0.07382812500000001 0.09212730318257957 0.03515625 0.07035175879396985
2 0.10859375 0.17336683417085427 0.0203125 0.10217755443886098
2 0.2625 0.1574539363484087 0.046875 0.06700167504187604
2 0.32578125 0.2135678391959799 0.025 0.06532663316582915
2 0.49257812500000003 0.5636515912897823 0.20078125000000002 0.36683417085427134
2 0.4109375 0.5150753768844221 0.07968750000000001 0.30318257956448913
2 0.23398437500000002 0.13316582914572864 0.03359375 0.07537688442211056
