2 0.5027343750000001 0.6670574443141852 0.16015625 0.1477139507620164
2 0.27890625 0.6694021101992965 0.115625 0.1406799531066823
2 0.32929687500000004 0.42145369284876905 0.07734375 0.10433763188745603
2 0.035937500000000004 0.26436107854630714 0.051562500000000004 0.059788980070339975
2 0.31484375000000003 0.518757327080891 0.084375 0.10668229777256741
2 0.39375000000000004 0.31770222743259086 0.05625 0.06799531066822977
6 0.198046875 0.17057444314185227 0.09921875000000001 0.13481828839390386
2 0.45 0.264947245017585 0.059375000000000004 0.08909730363423211
6 0.542578125 0.12661195779601406 0.07421875 0.08206330597889801
2 0.64375 0.14126611957796012 0.0328125 0.03634232121922626
