2 0.283203125 0.6715277777777778 0.32109375 0.29583333333333334
4 0.5125000000000001 0.6506944444444445 0.1 0.3402777777777778
5 0.35781250000000003 0.5180555555555556 0.2484375 0.5277777777777778
2 0.6015625 0.61875 0.040625 0.10416666666666667
2 0.634765625 0.6375000000000001 0.025781250000000002 0.125
2 0.7140625 0.5958333333333333 0.115625 0.2888888888888889
2 0.79609375 0.6402777777777778 0.037500000000000006 0.14444444444444446
2 0.886328125 0.6243055555555556 0.10859375 0.20972222222222223
2 0.976171875 0.6451388888888889 0.039843750000000004 0.1763888888888889
4 0.2 0.6368055555555556 0.065625 0.29305555555555557
4 0.8757812500000001 0.6583333333333333 0.065625 0.325
4 0.6878906250000001 0.6423611111111112 0.10546875 0.3236111111111111
