2 0.369921875 0.7755434782608696 0.27890625 0.20978260869565218
2 0.34140625 0.6418478260869566 0.096875 0.06630434782608696
2 0.555859375 0.5505434782608696 0.041406250000000006 0.04891304347826087
2 0.10429687500000001 0.725 0.15390625000000002 0.2217391304347826
2 0.573828125 0.5309782608695652 0.02734375 0.04456521739130435
2 0.6273437500000001 0.4559782608695652 0.018750000000000003 0.025
2 0.556640625 0.4652173913043478 0.02109375 0.02391304347826087
2 0.591796875 0.5130434782608696 0.02734375 0.03695652173913044
2 0.654296875 0.4125 0.01015625 0.016304347826086956
4 0.571484375 0.466304347826087 0.00859375 0.02391304347826087
4 0.7445312500000001 0.43532608695652175 0.00625 0.02282608695652174
2 0.6765625000000001 0.3983695652173913 0.010937500000000001 0.014130434782608696
