2 0.7406250000000001 0.6034722222222223 0.27187500000000003 0.31527777777777777
2 0.845703125 0.4361111111111111 0.08046875 0.08888888888888889
2 0.773046875 0.4215277777777778 0.06015625 0.059722222222222225
2 0.7210937500000001 0.41805555555555557 0.0421875 0.05277777777777778
2 0.41250000000000003 0.5291666666666667 0.153125 0.23055555555555557
2 0.4765625 0.43472222222222223 0.043750000000000004 0.0638888888888889
2 0.688671875 0.41805555555555557 0.032031250000000004 0.04166666666666667
2 0.669921875 0.40694444444444444 0.02109375 0.05
2 0.6390625000000001 0.40208333333333335 0.029687500000000002 0.034722222222222224
2 0.5417968750000001 0.4569444444444445 0.07734375 0.11666666666666667
4 0.31015625 0.49444444444444446 0.0328125 0.25833333333333336
4 0.53046875 0.5020833333333333 0.029687500000000002 0.2125
