2 0.21250000000000002 0.5576388888888889 0.1171875 0.13194444444444445
2 0.46953125 0.4638888888888889 0.0734375 0.09444444444444444
2 0.42304687500000004 0.4041666666666667 0.06328125 0.08888888888888889
2 0.56875 0.36319444444444443 0.0546875 0.0763888888888889
2 0.31953125000000004 0.6006944444444444 0.1125 0.1513888888888889
2 0.05234375 0.8868055555555556 0.1046875 0.22361111111111112
2 0.511328125 0.33611111111111114 0.04453125 0.06944444444444445
2 0.610546875 0.3145833333333333 0.04453125 0.06527777777777778
2 0.02421875 0.21944444444444444 0.040625 0.03333333333333333
2 0.40234375 0.19583333333333333 0.0328125 0.025
2 0.49296875 0.19236111111111112 0.026562500000000003 0.02361111111111111
2 0.5710937500000001 0.17847222222222223 0.028125 0.029166666666666667
2 0.61328125 0.17708333333333334 0.018750000000000003 0.02361111111111111
2 0.6351562500000001 0.2388888888888889 0.0203125 0.04166666666666667
2 0.59765625 0.2638888888888889 0.029687500000000002 0.02777777777777778
2 0.570703125 0.3 0.039843750000000004 0.044444444444444446
2 0.693359375 0.23472222222222222 0.017968750000000002 0.04722222222222222
2 0.72265625 0.20902777777777778 0.0203125 0.029166666666666667
2 0.7171875000000001 0.18194444444444446 0.015625 0.025
2 0.6960937500000001 0.19791666666666669 0.0203125 0.02638888888888889
2 0.7421875 0.1875 0.015625 0.025
2 0.739453125 0.16041666666666668 0.01015625 0.015277777777777779
2 0.75390625 0.1763888888888889 0.015625 0.022222222222222223
6 0.6664062500000001 0.24930555555555556 0.0421875 0.07361111111111111
