2 0.876171875 0.8169745958429561 0.10859375 0.11893764434180139
2 0.676953125 0.6795612009237875 0.06796875000000001 0.07736720554272518
2 0.8855468750000001 0.7136258660508084 0.07890625000000001 0.09468822170900693
2 0.6921875000000001 0.5750577367205543 0.06406250000000001 0.08083140877598152
2 0.584375 0.6016166281755196 0.06875 0.06928406466512702
2 0.5046875000000001 0.5207852193995381 0.0484375 0.06466512702078522
2 0.594921875 0.5184757505773672 0.05078125 0.050808314087759814
2 0.60078125 0.4382217090069284 0.040625 0.04734411085450346
2 0.537109375 0.4035796766743649 0.03828125 0.04734411085450346
2 0.36875 0.6004618937644342 0.059375000000000004 0.06235565819861432
6 0.57421875 0.7846420323325635 0.2171875 0.2390300230946882
6 0.310546875 0.6928406466512702 0.19296875000000002 0.16166281755196305
6 0.19921875 0.6391454965357968 0.11406250000000001 0.1951501154734411
6 0.09335937500000001 0.5981524249422633 0.10078125 0.18706697459584296
2 0.478515625 0.4665127020785219 0.04609375 0.04849884526558891
2 0.46640625 0.3816397228637413 0.035937500000000004 0.03810623556581986
2 0.48125 0.3244803695150115 0.029687500000000002 0.03233256351039261
2 0.530859375 0.3689376443418014 0.03359375 0.028868360277136258
2 0.5964843750000001 0.3758660508083141 0.03359375 0.028868360277136258
2 0.6253906250000001 0.4867205542725173 0.041406250000000006 0.054272517321016164
2 0.58984375 0.27713625866050806 0.0328125 0.03233256351039261
2 0.5378906250000001 0.24422632794457275 0.02421875 0.028868360277136258
2 0.505078125 0.24595842956120093 0.02109375 0.025404157043879907
2 0.5007812500000001 0.2644341801385681 0.025 0.025404157043879907
2 0.49257812500000003 0.2979214780600462 0.02421875 0.03695150115473441
2 0.5234375 0.3233256351039261 0.029687500000000002 0.027713625866050806
2 0.28203125 0.6189376443418014 0.0546875 0.06235565819861432
2 0.26796875000000003 0.5606235565819861 0.051562500000000004 0.06351039260969976
2 0.23945312500000002 0.523094688221709 0.05859375 0.06697459584295612
2 0.24140625000000002 0.47575057736720555 0.040625 0.03695150115473441
2 0.16914062500000002 0.48903002309468824 0.04609375 0.06351039260969976
2 0.1875 0.44803695150115475 0.037500000000000006 0.03695150115473441
2 0.20273437500000002 0.4220554272517321 0.03828125 0.04734411085450346
2 0.21992187500000002 0.40704387990762125 0.030468750000000003 0.04503464203233256
2 0.228515625 0.38394919168591224 0.032031250000000004 0.049653579676674366
2 0.265625 0.3510392609699769 0.029687500000000002 0.03926096997690531
2 0.265234375 0.43475750577367206 0.041406250000000006 0.05658198614318707
2 0.28203125 0.4018475750577367 0.03125 0.046189376443418015
2 0.31015625 0.371824480369515 0.028125 0.03695150115473441
2 0.33359375 0.42494226327944573 0.040625 0.04849884526558891
2 0.32421875 0.46016166281755194 0.037500000000000006 0.03117782909930716
2 0.32460937500000003 0.5057736720554272 0.05078125 0.046189376443418015
2 0.32460937500000003 0.5456120092378752 0.047656250000000004 0.054272517321016164
2 0.334765625 0.5669745958429561 0.041406250000000006 0.06235565819861432
2 0.568359375 0.19688221709006928 0.022656250000000003 0.03579676674364896
2 0.35859375000000004 0.3891454965357968 0.028125 0.03464203233256351
2 0.345703125 0.40704387990762125 0.02890625 0.04041570438799076
2 0.373828125 0.36374133949191684 0.02890625 0.03464203233256351
2 0.381640625 0.3418013856812933 0.022656250000000003 0.027713625866050806
2 0.40390625 0.30658198614318705 0.0234375 0.03117782909930716
2 0.41523437500000004 0.2823325635103926 0.022656250000000003 0.028868360277136258
2 0.32070312500000003 0.3579676674364896 0.025781250000000002 0.03233256351039261
2 0.279296875 0.33602771362586603 0.025781250000000002 0.03695150115473441
2 0.369140625 0.2956120092378753 0.013281250000000001 0.03926096997690531
2 0.34492187500000004 0.3163972286374134 0.030468750000000003 0.023094688221709007
2 0.42734375 0.24942263279445728 0.0234375 0.027713625866050806
6 0.43125 0.17956120092378752 0.0203125 0.054272517321016164
6 0.38125000000000003 0.18244803695150116 0.026562500000000003 0.050808314087759814
