6 0.4859375 0.33437500000000003 0.1640625 0.5437500000000001
6 0.628125 0.13359375 0.13125 0.2515625
1 0.21250000000000002 0.34296875000000004 0.16718750000000002 0.5015625
2 0.755859375 0.7859375000000001 0.18671875000000002 0.36562500000000003
2 0.7488281250000001 0.5476562500000001 0.15859375 0.2265625
2 0.6062500000000001 0.27109375 0.1 0.19843750000000002
2 0.474609375 0.7312500000000001 0.16171875000000002 0.30000000000000004
2 0.21445312500000002 0.7992187500000001 0.16484375 0.2859375
2 0.29296875 0.0484375 0.0765625 0.08125
2 0.308203125 0.28515625 0.01953125 0.16718750000000002
