2 0.106640625 0.9013888888888889 0.20234375000000002 0.19444444444444445
2 0.521484375 0.8666666666666667 0.12578125 0.18888888888888888
2 0.37734375000000003 0.8812500000000001 0.18125000000000002 0.23194444444444445
2 0.397265625 0.6951388888888889 0.10234375000000001 0.13472222222222222
2 0.89375 0.5944444444444444 0.10625000000000001 0.15
6 0.5859375 0.64375 0.240625 0.33472222222222225
2 0.72265625 0.7729166666666667 0.13125 0.20694444444444446
2 0.16523437500000002 0.9541666666666667 0.17265625 0.08888888888888889
2 0.22382812500000002 0.788888888888889 0.24453125 0.19444444444444445
2 0.748046875 0.6125 0.09609375 0.13055555555555556
2 0.6265625 0.9013888888888889 0.15781250000000002 0.15833333333333333
2 0.28125 0.8930555555555556 0.1078125 0.17500000000000002
2 0.263671875 0.6347222222222223 0.07734375 0.1277777777777778
2 0.47578125000000004 0.5145833333333334 0.1 0.10138888888888889
2 0.8187500000000001 0.4763888888888889 0.125 0.07222222222222223
2 0.8304687500000001 0.5472222222222223 0.07968750000000001 0.13055555555555556
2 0.9027343750000001 0.5069444444444444 0.08671875000000001 0.09166666666666667
2 0.6890625 0.4986111111111111 0.060937500000000006 0.10555555555555556
4 0.098828125 0.638888888888889 0.02109375 0.09444444444444444
4 0.38359375 0.47222222222222227 0.03125 0.08888888888888889
4 0.4734375 0.42847222222222225 0.026562500000000003 0.07361111111111111
4 0.314453125 0.20694444444444446 0.013281250000000001 0.06666666666666667
4 0.608984375 0.20625000000000002 0.01015625 0.06805555555555556
4 0.6214843750000001 0.21736111111111112 0.013281250000000001 0.0625
4 0.804296875 0.3055555555555556 0.017968750000000002 0.07777777777777778
4 0.899609375 0.35555555555555557 0.014843750000000001 0.10277777777777779
4 0.8851562500000001 0.33819444444444446 0.010937500000000001 0.07916666666666666
4 0.8636718750000001 0.34861111111111115 0.014843750000000001 0.08611111111111111
4 0.848828125 0.3236111111111111 0.01171875 0.075
4 0.8328125000000001 0.32430555555555557 0.018750000000000003 0.08750000000000001
4 0.576171875 0.19583333333333333 0.01171875 0.05555555555555556
2 0.974609375 0.5680555555555555 0.04453125 0.11944444444444445
2 0.42812500000000003 0.6020833333333333 0.11406250000000001 0.08750000000000001
