2 0.913671875 0.8525872442839952 0.08984375 0.11913357400722022
2 0.755078125 0.8441636582430807 0.08984375 0.13598074608904934
2 0.70234375 0.5902527075812275 0.059375000000000004 0.07340553549939832
2 0.618359375 0.6606498194945849 0.06328125 0.06738868832731648
2 0.872265625 0.6931407942238268 0.06796875000000001 0.0914560770156438
2 0.309375 0.9663056558363418 0.11406250000000001 0.060168471720818295
2 0.45742187500000003 0.4362214199759326 0.041406250000000006 0.049338146811071
2 0.54296875 0.9596871239470518 0.0921875 0.07821901323706378
2 0.743359375 0.9813477737665464 0.09453125000000001 0.03489771359807461
6 0.43398437500000003 0.6847172081829122 0.12734375 0.2503008423586041
2 0.88671875 0.40072202166064985 0.0484375 0.05535499398315283
2 0.59609375 0.7731648616125151 0.078125 0.09747292418772563
2 0.565625 0.8561973525872443 0.09062500000000001 0.11191335740072203
2 0.37031250000000004 0.888086642599278 0.096875 0.12033694344163659
2 0.841796875 0.6221419975932612 0.07421875 0.11070998796630566
2 0.734375 0.3640192539109507 0.0421875 0.049338146811071
2 0.46914062500000003 0.5475330926594465 0.06015625 0.05535499398315283
2 0.52109375 0.48495788206979545 0.0421875 0.048134777376654635
2 0.5625 0.509626955475331 0.0421875 0.056558363417569195
2 0.5578125 0.5475330926594465 0.0171875 0.052948255114320095
2 0.59609375 0.5709987966305656 0.05625 0.11913357400722022
2 0.63046875 0.49338146811071 0.046875 0.06979542719614922
2 0.6980468750000001 0.48194945848375453 0.039843750000000004 0.044524669073405534
2 0.7292968750000001 0.5138387484957883 0.02734375 0.052948255114320095
2 0.6332031250000001 0.3567990373044525 0.03515625 0.039711191335740074
2 0.575390625 0.32250300842358604 0.03359375 0.03369434416365824
2 0.099609375 0.32611311672683513 0.02890625 0.036101083032490974
2 0.020703125000000003 0.3020457280385078 0.02890625 0.036101083032490974
2 0.13593750000000002 0.2924187725631769 0.035937500000000004 0.036101083032490974
2 0.15078125 0.3297232250300842 0.034375 0.04091456077015644
2 0.198046875 0.29061371841155237 0.03515625 0.02045728038507822
2 0.19843750000000002 0.3128760529482551 0.037500000000000006 0.03369434416365824
2 0.1765625 0.3231046931407942 0.026562500000000003 0.039711191335740074
2 0.08671875000000001 0.28760529482551145 0.029687500000000002 0.031287605294825514
2 0.5265625 0.4187725631768953 0.037500000000000006 0.0457280385078219
2 0.6746093750000001 0.5493381468110711 0.047656250000000004 0.049338146811071
6 0.58203125 0.4157641395908544 0.07187500000000001 0.11672683513838748
6 0.36875 0.38267148014440433 0.06875 0.07220216606498195
2 0.28515625 0.381468110709988 0.043750000000000004 0.05054151624548737
