2 0.09140625000000001 0.5886524822695035 0.17343750000000002 0.8037825059101654
2 0.15742187500000002 0.24231678486997635 0.26015625000000003 0.35697399527186763
2 0.31562500000000004 0.22635933806146571 0.11406250000000001 0.24468085106382978
2 0.455859375 0.47399527186761226 0.35546875 0.5224586288416075
2 0.6234375000000001 0.39066193853427894 0.15937500000000002 0.38416075650118203
2 0.7117187500000001 0.3752955082742317 0.1203125 0.3250591016548463
2 0.786328125 0.34810874704491723 0.08828125 0.2706855791962175
2 0.8070312500000001 0.30260047281323876 0.1375 0.34515366430260047
2 0.91171875 0.374113475177305 0.0734375 0.18321513002364065
2 0.93359375 0.6566193853427896 0.1203125 0.5283687943262412
