2 0.311328125 0.6681304893350062 0.13359375 0.1618569636135508
2 0.8515625 0.8638644918444165 0.15156250000000002 0.2070263488080301
2 0.201953125 0.8149309912170639 0.16953125000000002 0.24215809284818066
2 0.1546875 0.5664993726474278 0.140625 0.17942283563362607
2 0.037500000000000006 0.4981179422835633 0.07500000000000001 0.1329987452948557
2 0.063671875 0.6637390213299874 0.12421875 0.17565872020075282
2 0.371875 0.6022584692597239 0.08750000000000001 0.12797992471769135
2 0.4078125 0.5627352572145545 0.09375 0.14178168130489335
2 0.22265625 0.5050188205771643 0.09062500000000001 0.14930991217063988
1 0.30234375 0.34943538268506896 0.15781250000000002 0.31493099121706397
2 0.09531250000000001 0.42471769134253445 0.10312500000000001 0.14178168130489335
2 0.29140625000000003 0.45043914680050184 0.08281250000000001 0.09786700125470514
2 0.270703125 0.47741530740276034 0.02890625 0.1041405269761606
2 0.2109375 0.5445420326223337 0.0234375 0.14303638644918443
2 0.16757812500000002 0.4090338770388958 0.047656250000000004 0.07779171894604767
2 0.187890625 0.3713927227101631 0.05234375 0.057716436637390206
2 0.4296875 0.4824341279799247 0.1078125 0.1769134253450439
2 0.5066406250000001 0.4648682559598494 0.049218750000000006 0.12421580928481805
2 0.51875 0.4203262233375156 0.0671875 0.10037641154328732
2 0.54140625 0.390840652446675 0.06406250000000001 0.10664993726474278
2 0.57734375 0.35319949811794227 0.07968750000000001 0.10664993726474278
2 0.632421875 0.3180677540777917 0.05234375 0.08406524466750313
2 0.6722656250000001 0.2892095357590966 0.022656250000000003 0.08406524466750313
2 0.669921875 0.27415307402760347 0.07109375 0.1041405269761606
2 0.7136718750000001 0.27415307402760347 0.02734375 0.07904642409033877
2 0.53046875 0.2697616060225847 0.053125000000000006 0.06775407779171894
2 0.566796875 0.2521957340025094 0.05078125 0.05269761606022584
2 0.74609375 0.19949811794228356 0.0765625 0.14303638644918443
2 0.8035156250000001 0.19824341279799246 0.02890625 0.09284818067754078
2 0.822265625 0.2045169385194479 0.022656250000000003 0.06775407779171894
2 0.833984375 0.17314930991217062 0.04453125 0.09535759096612295
2 0.8617187500000001 0.15683814303638643 0.0390625 0.08030112923462986
2 0.88828125 0.16122961104140526 0.026562500000000003 0.0589711417816813
2 0.583203125 0.1411543287327478 0.05390625 0.06148055207026348
2 0.6824218750000001 0.19322459222082808 0.049218750000000006 0.060225846925972396
2 0.63671875 0.18193224592220827 0.043750000000000004 0.04265997490589711
2 0.5859375 0.2220828105395232 0.065625 0.08030112923462986
2 0.921484375 0.13676286072772897 0.05234375 0.08782936010037641
6 0.209765625 0.24215809284818066 0.13828125 0.25846925972396484
6 0.38593750000000004 0.2415307402760351 0.19062500000000002 0.23964868255959848
6 0.726171875 0.11606022584692596 0.08984375 0.2070263488080301
6 0.645703125 0.09849435382685068 0.07578125000000001 0.17440401505646172
