2 0.5554687500000001 0.8395784543325527 0.1015625 0.12177985948477751
2 0.44062500000000004 0.6692037470725996 0.0765625 0.08313817330210772
2 0.44179687500000003 0.4174473067915691 0.049218750000000006 0.04800936768149883
2 0.558203125 0.7540983606557377 0.13984375000000002 0.1358313817330211
4 0.433203125 0.538056206088993 0.02109375 0.06206088992974239
2 0.527734375 0.5708430913348946 0.05234375 0.07142857142857142
2 0.587109375 0.5796252927400468 0.07890625000000001 0.11475409836065574
2 0.508203125 0.5099531615925058 0.09296875 0.08548009367681499
2 0.5730468750000001 0.4420374707259953 0.05078125 0.059718969555035126
2 0.555859375 0.4127634660421546 0.041406250000000006 0.06440281030444965
2 0.54453125 0.3635831381733021 0.035937500000000004 0.04800936768149883
2 0.523046875 0.23653395784543327 0.04609375 0.09367681498829039
2 0.45742187500000003 0.28688524590163933 0.03828125 0.046838407494145196
2 0.21601562500000002 0.7084309133489461 0.16328125000000002 0.1053864168618267
2 0.232421875 0.3477751756440281 0.08671875000000001 0.06323185011709602
2 0.330078125 0.2459016393442623 0.041406250000000006 0.06323185011709602
2 0.270703125 0.101288056206089 0.03515625 0.040983606557377046
2 0.57578125 0.07142857142857142 0.0390625 0.03044496487119438
2 0.555078125 0.1288056206088993 0.07109375 0.03044496487119438
2 0.555859375 0.16393442622950818 0.03671875 0.04215456674473068
2 0.58125 0.3296252927400468 0.043750000000000004 0.03864168618266979
2 0.48828125 0.3231850117096019 0.0421875 0.03747072599531616
2 0.50546875 0.35304449648711944 0.046875 0.05269320843091335
2 0.43359375 0.3624121779859485 0.0421875 0.03395784543325527
2 0.45 0.3864168618266979 0.045312500000000006 0.04449648711943794
2 0.42031250000000003 0.3366510538641686 0.040625 0.040983606557377046
2 0.43984375000000003 0.31381733021077285 0.034375 0.053864168618266976
4 0.15742187500000002 0.6346604215456675 0.030468750000000003 0.11007025761124122
4 0.183984375 0.6937939110070258 0.025781250000000002 0.09484777517564402
4 0.12617187500000002 0.7049180327868853 0.02421875 0.0585480093676815
4 0.49062500000000003 0.5796252927400468 0.0203125 0.06791569086651054
4 0.535546875 0.5035128805620609 0.02421875 0.06088992974238876
4 0.52578125 0.4028103044496487 0.015625 0.0585480093676815
4 0.5007812500000001 0.3875878220140515 0.0140625 0.07494145199063232
