2 0.38710937500000003 0.3833333333333333 0.09765625 0.09791666666666667
2 0.09726562500000001 0.9135416666666667 0.15703125 0.16666666666666666
2 0.3828125 0.9249999999999999 0.140625 0.14583333333333334
2 0.30781250000000004 0.3359375 0.0671875 0.07395833333333333
2 0.58515625 0.2625 0.05625 0.06875
2 0.408984375 0.49166666666666664 0.07421875 0.07916666666666666
2 0.394140625 0.684375 0.10078125 0.09791666666666667
2 0.7015625000000001 0.2973958333333333 0.06406250000000001 0.065625
2 0.32343750000000004 0.24947916666666667 0.06406250000000001 0.09895833333333333
2 0.59921875 0.42135416666666664 0.06875 0.071875
2 0.382421875 0.8020833333333334 0.13984375000000002 0.18333333333333332
2 0.505078125 0.48593749999999997 0.8523437500000001 0.9093749999999999
2 0.38593750000000004 0.5890625 0.11406250000000001 0.15104166666666666
2 0.5886718750000001 0.20833333333333334 0.07265625 0.08541666666666667
2 0.439453125 0.24479166666666666 0.06796875000000001 0.09791666666666667
2 0.6296875000000001 0.521875 0.0859375 0.07916666666666666
2 0.619140625 0.47291666666666665 0.08359375000000001 0.08333333333333333
2 0.75703125 0.9453125 0.134375 0.10729166666666666
2 0.581640625 0.3697916666666667 0.06328125 0.075
2 0.7117187500000001 0.7515625 0.12812500000000002 0.13229166666666667
2 0.7289062500000001 0.903125 0.140625 0.17083333333333334
2 0.6273437500000001 0.5822916666666667 0.08750000000000001 0.08958333333333333
2 0.675390625 0.6854166666666667 0.12734375 0.14583333333333334
2 0.6898437500000001 0.25729166666666664 0.0625 0.06041666666666667
2 0.441015625 0.146875 0.05859375 0.06875
2 0.436328125 0.084375 0.049218750000000006 0.041666666666666664
2 0.349609375 0.08645833333333333 0.04296875 0.04791666666666666
2 0.375 0.07760416666666667 0.025 0.04479166666666667
2 0.566015625 0.1 0.049218750000000006 0.05625
2 0.571875 0.15885416666666666 0.05625 0.040625
2 0.6511718750000001 0.6026041666666666 0.09609375 0.046875
2 0.67578125 0.15104166666666666 0.0625 0.06875
2 0.66171875 0.08854166666666667 0.051562500000000004 0.04375
2 0.636328125 0.075 0.022656250000000003 0.03958333333333333
4 0.10234375000000001 0.628125 0.043750000000000004 0.09583333333333333
4 0.185546875 0.4739583333333333 0.02421875 0.09791666666666667
4 0.162890625 0.4557291666666667 0.02109375 0.090625
4 0.89453125 0.5223958333333333 0.028125 0.09270833333333334
4 0.7890625 0.3411458333333333 0.0140625 0.07395833333333333
4 0.78828125 0.3265625 0.015625 0.07395833333333333
4 0.804296875 0.33125 0.014843750000000001 0.08333333333333333
4 0.818359375 0.3182291666666667 0.01640625 0.084375
4 0.3203125 0.0671875 0.015625 0.053125
