2 0.16484375 0.8354166666666667 0.2015625 0.3013888888888889
2 0.6515625 0.8770833333333333 0.1765625 0.23750000000000002
2 0.9339843750000001 0.8479166666666667 0.13046875 0.29305555555555557
2 0.5890625 0.41944444444444445 0.1125 0.1527777777777778
2 0.65 0.6673611111111112 0.1484375 0.2013888888888889
2 0.790234375 0.4076388888888889 0.11953125 0.15694444444444444
2 0.6140625000000001 0.5423611111111112 0.125 0.1513888888888889
2 0.900390625 0.7229166666666667 0.16171875000000002 0.23472222222222222
2 0.244140625 0.5833333333333334 0.15390625000000002 0.27222222222222225
2 0.952734375 0.36597222222222225 0.08203125 0.14305555555555557
2 0.117578125 0.4013888888888889 0.12890625 0.19444444444444445
2 0.8386718750000001 0.5055555555555555 0.14921875 0.22222222222222224
2 0.06328125 0.5395833333333333 0.1203125 0.1513888888888889
2 0.919140625 0.7958333333333334 0.13828125 0.25833333333333336
2 0.579296875 0.29444444444444445 0.09140625000000001 0.125
2 0.3875 0.2569444444444445 0.0734375 0.125
2 0.8855468750000001 0.30069444444444443 0.10703125000000001 0.15972222222222224
2 0.1796875 0.3298611111111111 0.08281250000000001 0.12916666666666668
2 0.037500000000000006 0.6368055555555556 0.07500000000000001 0.24027777777777778
2 0.7445312500000001 0.3368055555555556 0.1078125 0.15694444444444444
2 0.9695312500000001 0.3944444444444445 0.0421875 0.19444444444444445
2 0.83984375 0.24027777777777778 0.060937500000000006 0.08888888888888889
2 0.8191406250000001 0.20347222222222222 0.055468750000000004 0.09583333333333334
2 0.6898437500000001 0.2923611111111111 0.03125 0.14027777777777778
2 0.6605468750000001 0.2534722222222222 0.02734375 0.07916666666666666
2 0.62421875 0.20555555555555557 0.053125000000000006 0.07222222222222223
2 0.547265625 0.24166666666666667 0.05859375 0.06666666666666667
2 0.491796875 0.17083333333333334 0.04609375 0.08611111111111111
2 0.33671875 0.3229166666666667 0.0859375 0.12638888888888888
2 0.30625 0.43125 0.11875000000000001 0.19583333333333333
2 0.047265625000000006 0.2701388888888889 0.05859375 0.10138888888888889
2 0.065625 0.23472222222222222 0.06875 0.1
2 0.115234375 0.22083333333333335 0.030468750000000003 0.09722222222222222
2 0.2890625 0.21944444444444444 0.05625 0.08333333333333334
2 0.3171875 0.23333333333333334 0.0578125 0.061111111111111116
2 0.946484375 0.20972222222222223 0.05390625 0.08333333333333334
6 0.7921875 0.17291666666666666 0.07187500000000001 0.15416666666666667
6 0.18320312500000002 0.20486111111111113 0.11640625 0.27083333333333337
6 0.095703125 0.18819444444444444 0.06796875000000001 0.18194444444444446
6 0.6265625 0.15416666666666667 0.05625 0.10555555555555556
6 0.675390625 0.14305555555555557 0.05390625 0.11111111111111112
6 0.315234375 0.10694444444444445 0.06796875000000001 0.10833333333333334
6 0.24375000000000002 0.14722222222222223 0.045312500000000006 0.18888888888888888
2 0.509765625 0.17777777777777778 0.047656250000000004 0.075
2 0.51328125 0.20972222222222223 0.0171875 0.07777777777777778
2 0.58203125 0.17291666666666666 0.0328125 0.04861111111111111
2 0.24726562500000002 0.2013888888888889 0.022656250000000003 0.075
