2 0.8765625 0.7929782082324456 0.2234375 0.26150121065375304
2 0.15703125 0.8286924939467313 0.26875 0.3305084745762712
2 0.37421875000000004 0.6458837772397095 0.1296875 0.17796610169491525
2 0.759375 0.585956416464891 0.1265625 0.1791767554479419
2 0.41328125000000004 0.5853510895883778 0.1203125 0.1513317191283293
2 0.728515625 0.49334140435835355 0.08671875000000001 0.09079903147699758
2 0.5535156250000001 0.4134382566585957 0.05234375 0.0738498789346247
2 0.79453125 0.6785714285714286 0.1484375 0.21670702179176757
2 0.47421875 0.5272397094430993 0.07187500000000001 0.1053268765133172
2 0.521484375 0.43341404358353514 0.06328125 0.06779661016949153
2 0.28984375 0.7100484261501211 0.16562500000000002 0.22397094430992737
2 0.5046875000000001 0.4878934624697337 0.07968750000000001 0.10653753026634383
2 0.566796875 0.36016949152542377 0.04609375 0.05690072639225182
2 0.70234375 0.4219128329297821 0.07968750000000001 0.0980629539951574
2 0.579296875 0.3232445520581114 0.039843750000000004 0.0387409200968523
2 0.595703125 0.30690072639225185 0.02890625 0.044794188861985475
2 0.6019531250000001 0.2717917675544794 0.02890625 0.039951573849878935
2 0.71015625 0.2911622276029056 0.028125 0.03753026634382567
2 0.66953125 0.3268765133171913 0.0171875 0.03389830508474576
2 0.6984375 0.3432203389830509 0.034375 0.035108958837772396
4 0.25429687500000003 0.5 0.025781250000000002 0.11380145278450364
2 0.790625 0.3837772397094431 0.078125 0.12106537530266344
