2 0.33906250000000004 0.5580985915492958 0.125 0.13497652582159625
2 0.444921875 0.8257042253521127 0.16171875000000002 0.2359154929577465
2 0.47304687500000003 0.6150234741784038 0.12109375 0.18544600938967137
1 0.8515625 0.33039906103286387 0.11406250000000001 0.18661971830985916
2 0.10234375000000001 0.8949530516431925 0.1875 0.1983568075117371
2 0.654296875 0.289906103286385 0.07109375 0.09389671361502347
2 0.487109375 0.4665492957746479 0.10234375000000001 0.15845070422535212
6 0.7484375000000001 0.6860328638497653 0.22031250000000002 0.5129107981220657
2 0.189453125 0.7024647887323944 0.13984375000000002 0.20774647887323944
2 0.943359375 0.5774647887323944 0.10703125000000001 0.13380281690140847
2 0.29375 0.465962441314554 0.09843750000000001 0.11502347417840376
2 0.24765625000000002 0.6379107981220657 0.1046875 0.14906103286384978
1 0.7296875 0.13438967136150234 0.0578125 0.08333333333333333
2 0.234375 0.32159624413145543 0.06875 0.08215962441314555
2 0.119140625 0.49237089201877937 0.09921875000000001 0.13497652582159625
2 0.972265625 0.7188967136150235 0.05390625 0.15375586854460094
2 0.131640625 0.4413145539906103 0.08984375 0.11032863849765258
2 0.798046875 0.25234741784037557 0.05390625 0.09389671361502347
2 0.784375 0.1971830985915493 0.040625 0.04225352112676056
2 0.6550781250000001 0.20950704225352113 0.049218750000000006 0.05516431924882629
2 0.31171875000000004 0.409037558685446 0.08281250000000001 0.1068075117370892
2 0.33828125000000003 0.3761737089201878 0.0765625 0.11854460093896714
2 0.36562500000000003 0.34683098591549294 0.06875 0.10446009389671362
2 0.39570312500000004 0.2975352112676056 0.057031250000000006 0.07863849765258216
2 0.41835937500000003 0.2517605633802817 0.05078125 0.0715962441314554
2 0.272265625 0.2705399061032864 0.05234375 0.05516431924882629
2 0.29531250000000003 0.26115023474178406 0.051562500000000004 0.06690140845070423
2 0.31171875000000004 0.24413145539906103 0.045312500000000006 0.056338028169014086
2 0.31757812500000004 0.2183098591549296 0.04609375 0.06103286384976526
2 0.33203125 0.1960093896713615 0.0546875 0.06103286384976526
2 0.37539062500000003 0.18485915492957747 0.03515625 0.0528169014084507
2 0.18867187500000002 0.34800469483568075 0.07734375 0.07394366197183098
2 0.18828125 0.4084507042253521 0.0765625 0.09154929577464789
2 0.043359375000000006 0.5575117370892019 0.08203125 0.13849765258215962
2 0.44179687500000003 0.12030516431924883 0.03515625 0.05046948356807512
2 0.55234375 0.19131455399061034 0.05625 0.06103286384976526
2 0.54296875 0.23415492957746478 0.06406250000000001 0.07629107981220658
2 0.6570312500000001 0.16842723004694837 0.043750000000000004 0.05516431924882629
2 0.6335937500000001 0.15669014084507044 0.029687500000000002 0.045774647887323945
2 0.483203125 0.15786384976525822 0.04296875 0.05985915492957747
2 0.47578125000000004 0.181924882629108 0.035937500000000004 0.04929577464788733
2 0.44453125000000004 0.20011737089201878 0.07500000000000001 0.05516431924882629
2 0.46953125 0.09330985915492958 0.026562500000000003 0.03403755868544601
6 0.5710937500000001 0.10269953051643192 0.051562500000000004 0.11619718309859155
6 0.50703125 0.3163145539906103 0.10625000000000001 0.15845070422535212
2 0.389453125 0.12617370892018778 0.03671875 0.04107981220657277
2 0.509375 0.1238262910798122 0.0234375 0.03403755868544601
2 0.6707031250000001 0.0903755868544601 0.022656250000000003 0.025821596244131457
