2 0.290625 0.44236111111111115 0.060937500000000006 0.08194444444444444
6 0.5171875 0.44236111111111115 0.1 0.1875
2 0.09296875 0.49236111111111114 0.0890625 0.11527777777777778
2 0.6511718750000001 0.47708333333333336 0.07109375 0.11805555555555557
2 0.59140625 0.45416666666666666 0.059375000000000004 0.09722222222222222
2 0.37929687500000003 0.5368055555555555 0.11796875000000001 0.1875
2 0.4578125 0.5243055555555556 0.060937500000000006 0.15694444444444444
2 0.501171875 0.5125000000000001 0.03828125 0.10277777777777779
2 0.34023437500000003 0.4291666666666667 0.049218750000000006 0.05555555555555556
4 0.9859375 0.5506944444444445 0.026562500000000003 0.2013888888888889
