2 0.8402343750000001 0.35220125786163525 0.13671875 0.2861635220125786
2 0.505078125 0.20361635220125787 0.09453125000000001 0.16194968553459121
2 0.413671875 0.21462264150943397 0.08671875000000001 0.14622641509433962
2 0.3453125 0.1988993710691824 0.046875 0.12735849056603774
2 0.700390625 0.24056603773584906 0.15859375 0.11006289308176101
2 0.8324218750000001 0.43789308176100633 0.06171875 0.2562893081761006
2 0.7757812500000001 0.464622641509434 0.084375 0.3569182389937107
2 0.67890625 0.5031446540880503 0.0921875 0.3805031446540881
2 0.423828125 0.5455974842767296 0.19296875000000002 0.5345911949685535
2 0.5320312500000001 0.5172955974842768 0.19062500000000002 0.4748427672955975
2 0.8308593750000001 0.14150943396226415 0.11484375000000001 0.09748427672955975
2 0.19375 0.5589622641509434 0.38593750000000004 0.8443396226415095
