2 0.11015625000000001 0.89375 0.21250000000000002 0.20972222222222223
2 0.47187500000000004 0.64375 0.13593750000000002 0.2125
2 0.29335937500000003 0.7895833333333334 0.14296875 0.2263888888888889
2 0.283984375 0.44236111111111115 0.10546875 0.13194444444444445
2 0.39179687500000004 0.3236111111111111 0.11640625 0.09444444444444444
2 0.5 0.17291666666666666 0.0578125 0.07361111111111111
2 0.279296875 0.6520833333333333 0.12109375 0.1625
2 0.276171875 0.545138888888889 0.15859375 0.1763888888888889
2 0.2859375 0.35208333333333336 0.1609375 0.13472222222222222
2 0.41484375 0.2638888888888889 0.05625 0.06944444444444445
2 0.390234375 0.22708333333333333 0.047656250000000004 0.0625
2 0.284765625 0.2423611111111111 0.06640625 0.04027777777777778
2 0.279296875 0.12916666666666668 0.047656250000000004 0.061111111111111116
2 0.279296875 0.18888888888888888 0.049218750000000006 0.05
2 0.345703125 0.06319444444444444 0.02734375 0.0375
2 0.465625 0.1590277777777778 0.0203125 0.059722222222222225
2 0.503515625 0.11458333333333334 0.032031250000000004 0.034722222222222224
2 0.48476562500000003 0.08472222222222223 0.03515625 0.036111111111111115
2 0.6640625 0.4340277777777778 0.07500000000000001 0.14583333333333334
2 0.65546875 0.3506944444444445 0.059375000000000004 0.07361111111111111
2 0.8421875000000001 0.55 0.11875000000000001 0.18888888888888888
1 0.5375 0.3770833333333333 0.16562500000000002 0.3180555555555556
2 0.50625 0.95625 0.17343750000000002 0.08472222222222223
