4 0.43789062500000003 0.5584144645340751 0.13515625 0.37691237830319885
2 0.6375000000000001 0.5055632823365785 0.203125 0.29068150208623084
4 0.24765625000000002 0.39777468706536856 0.0484375 0.13351877607788595
2 0.8921875 0.7072322670375522 0.21406250000000002 0.560500695410292
2 0.358203125 0.4040333796940195 0.08671875000000001 0.1321279554937413
2 0.541015625 0.4144645340751043 0.05234375 0.10848400556328233
2 0.794921875 0.586230876216968 0.24453125 0.36300417246175243
2 0.483203125 0.3616133518776078 0.07734375 0.09457579972183588
2 0.382421875 0.3344923504867872 0.04609375 0.043115438108484005
2 0.25625000000000003 0.3623087621696801 0.078125 0.1043115438108484
4 0.9378906250000001 0.39151599443671764 0.041406250000000006 0.0737134909596662
4 0.14765625000000002 0.32614742698191934 0.025 0.054242002781641166
2 0.066796875 0.46870653685674546 0.10859375 0.2614742698191933
2 0.133203125 0.4617524339360222 0.07734375 0.19193324061196104
2 0.1765625 0.4554937413073713 0.0546875 0.16828929068150209
