2 0.876953125 0.84375 0.23203125000000002 0.3
4 0.56796875 0.4953125 0.27968750000000003 0.5427083333333333
4 0.7210937500000001 0.22291666666666665 0.1328125 0.30833333333333335
4 0.22031250000000002 0.7427083333333333 0.4265625 0.5041666666666667
2 0.901953125 0.5072916666666667 0.14140625 0.16041666666666665
2 0.9007812500000001 0.3109375 0.1046875 0.11770833333333333
2 0.9171875 0.0734375 0.06875 0.08645833333333333
2 0.826171875 0.0734375 0.049218750000000006 0.05520833333333333
2 0.812109375 0.14427083333333332 0.030468750000000003 0.07604166666666666
2 0.7921875 0.18177083333333333 0.026562500000000003 0.06770833333333333
