2 0.8679687500000001 0.7470588235294117 0.25625000000000003 0.49647058823529405
2 0.530859375 0.46705882352941175 0.11015625000000001 0.19294117647058823
2 0.55703125 0.49117647058823527 0.08281250000000001 0.20588235294117646
2 0.7585937500000001 0.558235294117647 0.21250000000000002 0.3117647058823529
2 0.6421875 0.5094117647058823 0.125 0.2823529411764706
2 0.46171875 0.43352941176470583 0.10625000000000001 0.1941176470588235
2 0.39765625000000004 0.6041176470588234 0.10625000000000001 0.4552941176470588
2 0.24609375 0.6405882352941176 0.25 0.5047058823529411
2 0.28046875 0.3 0.08281250000000001 0.09411764705882353
2 0.843359375 0.3805882352941176 0.09609375 0.09294117647058822
2 0.8695312500000001 0.33470588235294113 0.0921875 0.0788235294117647
