2 0.6785156250000001 0.7292993630573248 0.23203125000000002 0.3273885350318471
2 0.3953125 0.6426751592356688 0.14375000000000002 0.19235668789808916
2 0.525 0.578343949044586 0.0859375 0.10700636942675158
1 0.44453125000000004 0.3292993630573248 0.0765625 0.1286624203821656
2 0.41835937500000003 0.4942675159235669 0.06171875 0.08152866242038216
1 0.532421875 0.34585987261146495 0.08828125 0.1643312101910828
2 0.0921875 0.5949044585987261 0.140625 0.1987261146496815
2 0.21992187500000002 0.5057324840764331 0.08359375000000001 0.12993630573248408
2 0.63984375 0.5184713375796178 0.08281250000000001 0.09426751592356687
2 0.4859375 0.5076433121019108 0.07968750000000001 0.10318471337579617
2 0.299609375 0.29745222929936305 0.11171875 0.07770700636942675
2 0.15937500000000002 0.5535031847133758 0.10312500000000001 0.14904458598726114
2 0.125390625 0.43057324840764327 0.09609375 0.06878980891719745
2 0.09921875000000001 0.44267515923566875 0.109375 0.062420382165605096
2 0.168359375 0.39108280254777067 0.08984375 0.06878980891719745
2 0.201171875 0.37133757961783437 0.08203125 0.06751592356687898
2 0.230859375 0.35987261146496813 0.06796875000000001 0.057324840764331204
2 0.6019531250000001 0.2573248407643312 0.041406250000000006 0.045859872611464965
2 0.574609375 0.232484076433121 0.032031250000000004 0.04203821656050955
2 0.490234375 0.2343949044585987 0.039843750000000004 0.045859872611464965
2 0.5085937500000001 0.20828025477707005 0.03125 0.04968152866242038
2 0.6179687500000001 0.4350318471337579 0.134375 0.09808917197452229
2 0.63828125 0.46433121019108275 0.07500000000000001 0.05477707006369426
