4 0.409765625 0.7013527575442249 0.23984375000000002 0.5764828303850157
2 0.11171875 0.394901144640999 0.0890625 0.10093652445369408
2 0.2828125 0.5754422476586889 0.11406250000000001 0.15608740894901146
2 0.7890625 0.49635796045785646 0.10312500000000001 0.12695109261186266
2 0.083203125 0.5332986472424558 0.12734375 0.190426638917794
2 0.9187500000000001 0.6961498439125912 0.1609375 0.3579604578563996
2 0.521484375 0.5213319458896983 0.10859375 0.13943808532778357
2 0.6800781250000001 0.42455775234131116 0.09765625 0.09989594172736734
4 0.208984375 0.3485952133194589 0.030468750000000003 0.08740894901144641
2 0.34882812500000004 0.32622268470343396 0.21484375 0.11550468262226848
2 0.5796875 0.3975026014568159 0.07500000000000001 0.08116545265348596
2 0.71875 0.6706555671175859 0.08281250000000001 0.19875130072840794
2 0.814453125 0.6862643080124871 0.16171875000000002 0.30072840790842875
2 0.6707031250000001 0.6534859521331946 0.06796875000000001 0.19146722164412072
2 0.6160156250000001 0.6123829344432883 0.07734375 0.186264308012487
2 0.579296875 0.593652445369407 0.04296875 0.15504682622268473
2 0.5574218750000001 0.54474505723205 0.041406250000000006 0.1259105098855359
2 0.483203125 0.4724245577523414 0.08046875 0.10822060353798128
2 0.542578125 0.35848074921956297 0.06953125 0.07388137356919876
2 0.037890625000000004 0.6103017689906348 0.06640625 0.16753381893860564
2 0.08750000000000001 0.5749219562955256 0.07500000000000001 0.14880332986472425
2 0.11015625000000001 0.25910509885535904 0.060937500000000006 0.09573361082206036
2 0.10234375000000001 0.19146722164412072 0.060937500000000006 0.06867845993756504
2 0.107421875 0.1331945889698231 0.049218750000000006 0.07700312174817898
2 0.134375 0.04682622268470344 0.0484375 0.05827263267429761
2 0.37421875000000004 0.11602497398543185 0.040625 0.04682622268470344
2 0.41953125 0.168054110301769 0.0484375 0.08012486992715921
2 0.39687500000000003 0.21644120707596257 0.0734375 0.07284079084287201
2 0.53515625 0.2663891779396462 0.0671875 0.06659729448491156
2 0.41132812500000004 0.07075962539021853 0.07890625000000001 0.05827263267429761
6 0.23984375000000002 0.05150884495317378 0.0625 0.08428720083246619
4 0.044140625 0.24817898022892823 0.02109375 0.0676378772112383
