2 0.43476562500000004 0.6617819460726846 0.15078125 0.16998827667057442
2 0.70234375 0.686400937866354 0.2421875 0.34349355216881594
2 0.137109375 0.6406799531066822 0.19765625 0.20281359906213364
2 0.31679687500000003 0.6055099648300116 0.10703125000000001 0.14888628370457208
2 0.512109375 0.6154747948417351 0.05859375 0.07737397420867526
2 0.24140625000000002 0.5826494724501758 0.06875 0.08206330597889801
2 0.460546875 0.5550996483001172 0.03828125 0.04806565064478312
2 0.520703125 0.5533411488862837 0.03828125 0.056271981242672915
2 0.556640625 0.5615474794841735 0.030468750000000003 0.035169988276670575
2 0.575390625 0.5896834701055099 0.025781250000000002 0.053927315357561546
6 0.6351562500000001 0.5457209847596717 0.11093750000000001 0.1817116060961313
6 0.38906250000000003 0.5252051582649472 0.0921875 0.16647127784290738
6 0.48125 0.525791324736225 0.037500000000000006 0.07854630715123094
6 0.31015625 0.514654161781946 0.0421875 0.056271981242672915
2 0.03515625 0.7784290738569754 0.0578125 0.4196951934349355
