2 0.14570312500000002 0.8510028653295129 0.13828125 0.2320916905444126
2 0.14609375 0.5945558739255015 0.109375 0.1518624641833811
2 0.841015625 0.5744985673352435 0.10234375000000001 0.17191977077363896
2 0.5875 0.5730659025787965 0.084375 0.12034383954154727
2 0.7464843750000001 0.7750716332378224 0.12265625000000001 0.20057306590257878
2 0.307421875 0.6017191977077364 0.10078125 0.1518624641833811
2 0.463671875 0.33882521489971346 0.06171875 0.09025787965616046
2 0.6328125 0.4169054441260745 0.0734375 0.12893982808022922
2 0.5421875 0.8108882521489971 0.13125 0.24068767908309455
2 0.516015625 0.245702005730659 0.049218750000000006 0.07306590257879655
2 0.3296875 0.3803724928366762 0.0671875 0.09598853868194843
2 0.08281250000000001 0.38108882521489973 0.0546875 0.09169054441260745
2 0.373828125 0.47636103151862463 0.08046875 0.13896848137535817
2 0.478125 0.29011461318051573 0.0578125 0.07306590257879655
2 0.401171875 0.4262177650429799 0.06953125 0.10171919770773638
2 0.26601562500000003 0.4598853868194842 0.07734375 0.12607449856733524
2 0.34921875 0.29083094555873923 0.05625 0.09742120343839542
2 0.18515625000000002 0.42335243553008595 0.0921875 0.14469914040114612
6 0.776953125 0.13395415472779368 0.049218750000000006 0.10458452722063037
6 0.7523437500000001 0.41045845272206305 0.1046875 0.25358166189111747
6 0.748046875 0.24713467048710602 0.08984375 0.08166189111747851
6 0.565625 0.05802292263610315 0.034375 0.0673352435530086
2 0.4296875 0.23710601719197708 0.0578125 0.0988538681948424
2 0.462890625 0.22564469914040114 0.01953125 0.061604584527220625
2 0.558203125 0.17765042979942694 0.03515625 0.05444126074498567
2 0.503515625 0.15401146131805157 0.03359375 0.050143266475644696
2 0.5328125 0.1346704871060172 0.026562500000000003 0.034383954154727794
2 0.5765625 0.14040114613180515 0.03125 0.03724928366762178
2 0.677734375 0.14040114613180515 0.03359375 0.05157593123209169
2 0.11093750000000001 0.3452722063037249 0.046875 0.06876790830945559
2 0.734375 0.1160458452722063 0.0328125 0.04871060171919771
2 0.7171875000000001 0.15974212034383953 0.03125 0.03868194842406877
2 0.73828125 0.1819484240687679 0.035937500000000004 0.03724928366762178
2 0.9187500000000001 0.1146131805157593 0.043750000000000004 0.06017191977077364
2 0.141015625 0.3173352435530086 0.04609375 0.0673352435530086
2 0.603515625 0.07234957020057306 0.02734375 0.044412607449856735
