2 0.8441406250000001 0.41308500477554916 0.12734375 0.17096466093600762
2 0.6625000000000001 0.48710601719197705 0.15937500000000002 0.22349570200573066
2 0.7484375000000001 0.4684813753581662 0.1484375 0.21107927411652339
2 0.50703125 0.31948424068767906 0.1015625 0.09455587392550142
2 0.40859375000000003 0.3247373447946514 0.09843750000000001 0.0936007640878701
2 0.199609375 0.5324737344794651 0.38984375000000004 0.4785100286532951
2 0.353515625 0.30897803247373445 0.049218750000000006 0.06208213944603629
2 0.83984375 0.2874880611270296 0.11875000000000001 0.045845272206303724
2 0.703125 0.34097421203438394 0.15937500000000002 0.09551098376313276
2 0.828125 0.45176695319961796 0.065625 0.16427889207258833
2 0.53671875 0.5138490926456543 0.19375 0.2941738299904489
2 0.432421875 0.5315186246418337 0.20390625 0.33715377268385865
