2 0.27382812500000003 0.8208232445520581 0.28515625 0.3050847457627119
4 0.812109375 0.7736077481840195 0.10546875 0.33171912832929784
4 0.903515625 0.8153753026634383 0.08984375 0.25544794188861986
2 0.0421875 0.7675544794188862 0.084375 0.20581113801452786
6 0.651953125 0.6313559322033898 0.13984375000000002 0.2820823244552058
2 0.115234375 0.7263922518159807 0.13359375 0.18159806295399517
2 0.35585937500000003 0.6924939467312349 0.10078125 0.12348668280871672
2 0.573828125 0.7415254237288136 0.08046875 0.15859564164648912
2 0.6171875 0.7245762711864407 0.037500000000000006 0.13438256658595643
4 0.852734375 0.700363196125908 0.04453125 0.19491525423728814
2 0.425390625 0.6743341404358354 0.03515625 0.07506053268765134
2 0.49257812500000003 0.7639225181598064 0.14296875 0.19854721549636806
