2 0.8812500000000001 0.637749120750293 0.1640625 0.17819460726846423
2 0.8109375000000001 0.5973036342321218 0.15781250000000002 0.1723329425556858
2 0.11601562500000001 0.596717467760844 0.20234375000000002 0.24150058616647127
4 0.41132812500000004 0.6828839390386869 0.10546875 0.41148886283704567
2 0.68671875 0.574443141852286 0.11093750000000001 0.1148886283704572
2 0.054296875 0.6705744431418522 0.10859375 0.2626025791324736
2 0.29453125 0.5726846424384525 0.0921875 0.11137162954279015
2 0.839453125 0.6184056271981242 0.14609375 0.16529894490035169
2 0.9535156250000001 0.7016412661195779 0.09140625000000001 0.2614302461899179
2 0.482421875 0.5351699882766705 0.07109375 0.09261430246189917
2 0.347265625 0.5427901524032825 0.04609375 0.08440797186400938
2 0.21054687500000002 0.5908558030480656 0.049218750000000006 0.17584994138335286
2 0.2515625 0.585580304806565 0.046875 0.13012895662368112
