2 0.23945312500000002 0.6777777777777778 0.13671875 0.15555555555555556
2 0.71015625 0.4451388888888889 0.043750000000000004 0.06805555555555556
2 0.314453125 0.7659722222222223 0.14921875 0.2125
2 0.17578125 0.6194444444444445 0.146875 0.15
2 0.7425781250000001 0.5638888888888889 0.07578125000000001 0.12222222222222223
2 0.48750000000000004 0.7583333333333334 0.1078125 0.19166666666666668
2 0.5457031250000001 0.4715277777777778 0.05078125 0.08194444444444444
2 0.49335937500000004 0.42291666666666666 0.049218750000000006 0.059722222222222225
2 0.8656250000000001 0.8784722222222222 0.1875 0.24027777777777778
2 0.586328125 0.3888888888888889 0.04609375 0.058333333333333334
2 0.640234375 0.4138888888888889 0.04453125 0.075
2 0.64375 0.5645833333333333 0.0625 0.10972222222222222
2 0.11679687500000001 0.35000000000000003 0.06640625 0.06944444444444445
2 0.654296875 0.7875 0.08984375 0.2138888888888889
2 0.453125 0.37569444444444444 0.05 0.07361111111111111
2 0.523828125 0.3458333333333333 0.032031250000000004 0.05
2 0.49648437500000003 0.31875000000000003 0.02890625 0.04583333333333334
2 0.501953125 0.2576388888888889 0.01953125 0.02638888888888889
2 0.5222656250000001 0.2868055555555556 0.025781250000000002 0.0375
2 0.551171875 0.28958333333333336 0.02421875 0.03194444444444445
2 0.5796875 0.3340277777777778 0.0234375 0.02638888888888889
2 0.6335937500000001 0.33333333333333337 0.026562500000000003 0.03888888888888889
2 0.6937500000000001 0.36319444444444443 0.034375 0.04861111111111111
2 0.688671875 0.3229166666666667 0.025781250000000002 0.029166666666666667
2 0.68359375 0.2916666666666667 0.0234375 0.025
2 0.640234375 0.29097222222222224 0.025781250000000002 0.043055555555555555
2 0.649609375 0.2388888888888889 0.02109375 0.03333333333333333
2 0.168359375 0.40347222222222223 0.06328125 0.059722222222222225
2 0.037890625000000004 0.3965277777777778 0.06796875000000001 0.05694444444444444
2 0.034375 0.4277777777777778 0.059375000000000004 0.06666666666666667
2 0.048828125 0.4743055555555556 0.08203125 0.09305555555555556
2 0.288671875 0.4340277777777778 0.04453125 0.059722222222222225
2 0.702734375 0.2590277777777778 0.02109375 0.029166666666666667
2 0.679296875 0.24375000000000002 0.017968750000000002 0.029166666666666667
2 0.5859375 0.30625 0.025 0.034722222222222224
2 0.56640625 0.26875 0.0203125 0.02361111111111111
2 0.566015625 0.21944444444444444 0.014843750000000001 0.022222222222222223
2 0.5378906250000001 0.22291666666666668 0.014843750000000001 0.020833333333333336
2 0.6109375 0.21597222222222223 0.015625 0.020833333333333336
6 0.38593750000000004 0.3666666666666667 0.1765625 0.23333333333333334
6 0.2671875 0.3145833333333333 0.045312500000000006 0.10694444444444445
6 0.2171875 0.3215277777777778 0.065625 0.10416666666666667
6 0.42578125 0.23125 0.065625 0.043055555555555555
6 0.482421875 0.20208333333333334 0.04453125 0.043055555555555555
6 0.5750000000000001 0.1951388888888889 0.0171875 0.04027777777777778
6 0.553125 0.19722222222222224 0.018750000000000003 0.044444444444444446
