2 0.19453125000000002 0.8345111896348645 0.178125 0.2249705535924617
2 0.83359375 0.770906949352179 0.18125000000000002 0.19670200235571259
2 0.16484375 0.5800942285041224 0.115625 0.1519434628975265
2 0.14453125 0.43462897526501765 0.08125 0.10365135453474675
2 0.887890625 0.5983510011778562 0.12734375 0.16725559481743227
2 0.666015625 0.6154299175500588 0.10234375000000001 0.14958775029446406
2 0.730078125 0.6637220259128386 0.14765625000000002 0.20141342756183744
2 0.9496093750000001 0.6442873969375735 0.09921875000000001 0.21201413427561835
2 0.08085937500000001 0.2826855123674911 0.06171875 0.07773851590106007
2 0.9246093750000001 0.9040047114252061 0.14921875 0.1872791519434629
2 0.13593750000000002 0.2432273262661955 0.0546875 0.06242638398115429
6 0.6015625 0.20318021201413425 0.115625 0.2061248527679623
2 0.01953125 0.22614840989399293 0.0390625 0.0636042402826855
2 0.32734375000000004 0.1978798586572438 0.051562500000000004 0.061248527679623084
6 0.9398437500000001 0.3869257950530035 0.1171875 0.3074204946996466
2 0.634375 0.5759717314487632 0.1015625 0.13663133097762073
2 0.472265625 0.3910482921083627 0.06640625 0.0989399293286219
6 0.788671875 0.29387514723203767 0.12421875 0.21083627797408713
6 0.841015625 0.3421672555948174 0.10390625 0.27208480565371024
2 0.62265625 0.38869257950530034 0.0625 0.09658421672555947
2 0.1265625 0.3851590106007067 0.07500000000000001 0.09658421672555947
2 0.6742187500000001 0.4040047114252061 0.08281250000000001 0.10129564193168433
2 0.5828125000000001 0.5200235571260305 0.1078125 0.1260306242638398
2 0.4609375 0.3333333333333333 0.0703125 0.10365135453474675
2 0.14453125 0.1531213191990577 0.05 0.08480565371024734
2 0.698828125 0.44581861012956414 0.06171875 0.1071849234393404
2 0.54140625 0.46289752650176674 0.09062500000000001 0.13191990577149587
2 0.119140625 0.21142520612485274 0.057031250000000006 0.05535924617196702
2 0.94453125 0.9487632508833922 0.09375 0.07656065959952885
2 0.591796875 0.33863368669022376 0.07109375 0.07891637220259128
2 0.494921875 0.42932862190812715 0.02734375 0.09540636042402827
2 0.011328125000000001 0.14840989399293286 0.01953125 0.0541813898704358
2 0.294921875 0.13191990577149587 0.025781250000000002 0.028268551236749116
2 0.366796875 0.1702002355712603 0.02109375 0.05300353356890459
6 0.6875 0.23380447585394581 0.0890625 0.2061248527679623
6 0.525 0.19846878680800942 0.0390625 0.1071849234393404
6 0.499609375 0.13780918727915192 0.07265625 0.12014134275618374
6 0.447265625 0.09717314487632508 0.05078125 0.06242638398115429
6 0.3640625 0.11601884570082449 0.065625 0.11425206124852767
6 0.06015625 0.13898704358068315 0.0578125 0.127208480565371
6 0.09843750000000001 0.12426383981154299 0.03125 0.08362779740871613
1 0.428515625 0.1896348645465253 0.09609375 0.1625441696113074
1 0.465625 0.23557126030624262 0.065625 0.09658421672555947
