2 0.7503906250000001 0.6248266296809987 0.24765625000000002 0.31761442441054094
2 0.478515625 0.7191400832177531 0.27578125000000003 0.36754507628294036
1 0.11093750000000001 0.49653259361997226 0.09843750000000001 0.18030513176144244
2 0.2734375 0.6040221914008322 0.18125000000000002 0.289875173370319
2 0.49140625000000004 0.515256588072122 0.07968750000000001 0.06796116504854369
2 0.597265625 0.5679611650485437 0.11328125 0.17614424410540916
2 0.18710937500000002 0.5194174757281553 0.05078125 0.08737864077669903
2 0.3796875 0.5305131761442441 0.06875 0.09847434119278779
2 0.890625 0.5707350901525658 0.18125000000000002 0.289875173370319
2 0.037109375 0.4882108183079057 0.03671875 0.044382801664355064
2 0.44375000000000003 0.5312066574202496 0.096875 0.049930651872399444
