2 0.48984375 0.8130896226415094 0.3921875 0.37146226415094336
2 0.248046875 0.6362028301886792 0.12421875 0.1096698113207547
2 0.6917968750000001 0.5689858490566038 0.11328125 0.1733490566037736
4 0.923046875 0.6680424528301887 0.15234375 0.6238207547169811
2 0.38046875 0.602004716981132 0.1296875 0.10023584905660377
2 0.7347656250000001 0.4876179245283019 0.06640625 0.07665094339622641
2 0.26601562500000003 0.566627358490566 0.10546875 0.08608490566037735
2 0.45820312500000004 0.5577830188679245 0.08828125 0.07075471698113207
2 0.123046875 0.7476415094339622 0.24609375 0.1910377358490566
2 0.38828125 0.8502358490566038 0.4765625 0.29481132075471694
2 0.574609375 0.5206367924528301 0.10859375 0.08608490566037735
2 0.59609375 0.6079009433962264 0.1875 0.11438679245283019
1 0.36250000000000004 0.4811320754716981 0.13593750000000002 0.14150943396226415
2 0.19648437500000002 0.46816037735849053 0.07421875 0.14386792452830188
2 0.38789062500000004 0.5972877358490566 0.11796875000000001 0.09080188679245282
4 0.844921875 0.44870283018867924 0.022656250000000003 0.11438679245283019
4 0.784375 0.4498820754716981 0.010937500000000001 0.036556603773584904
4 0.251953125 0.4705188679245283 0.00859375 0.051886792452830184
4 0.28359375000000003 0.49410377358490565 0.0140625 0.04009433962264151
4 0.6863281250000001 0.41981132075471694 0.01015625 0.04009433962264151
4 0.698828125 0.41922169811320753 0.01015625 0.036556603773584904
4 0.658203125 0.4274764150943396 0.01015625 0.02712264150943396
6 0.558984375 0.42629716981132076 0.05234375 0.05542452830188679
