2 0.448046875 0.5015625 0.12578125 0.08750000000000001
2 0.708203125 0.49062500000000003 0.13984375000000002 0.08750000000000001
2 0.326171875 0.512890625 0.11015625000000001 0.08828125
4 0.203125 0.50546875 0.035937500000000004 0.09843750000000001
4 0.248828125 0.5046875000000001 0.03671875 0.096875
2 0.5640625 0.4921875 0.109375 0.084375
4 0.852734375 0.54921875 0.09609375 0.2015625
2 0.8910156250000001 0.536328125 0.19453125000000002 0.20546875
2 0.6078125000000001 0.47500000000000003 0.05625 0.08750000000000001
2 0.35585937500000003 0.452734375 0.06015625 0.055468750000000004
2 0.17500000000000002 0.43281250000000004 0.051562500000000004 0.035937500000000004
2 0.08828125 0.52734375 0.1703125 0.1921875
4 0.36757812500000003 0.466796875 0.03671875 0.039843750000000004
