2 0.574609375 0.5395833333333333 0.19921875 0.26805555555555555
2 0.33906250000000004 0.7236111111111111 0.2546875 0.37222222222222223
2 0.208984375 0.18541666666666667 0.08203125 0.10138888888888889
2 0.34453125 0.1388888888888889 0.065625 0.09722222222222222
2 0.24335937500000002 0.2916666666666667 0.11796875000000001 0.12222222222222223
2 0.290234375 0.5604166666666667 0.17890625000000002 0.2652777777777778
2 0.2546875 0.4840277777777778 0.13593750000000002 0.2152777777777778
2 0.240234375 0.40625 0.12421875 0.17083333333333334
4 0.13984375000000002 0.14583333333333334 0.026562500000000003 0.11111111111111112
4 0.671875 0.3784722222222222 0.0234375 0.14305555555555557
