2 0.6292968750000001 0.7568697729988052 0.12109375 0.18040621266427717
2 0.29453125 0.4145758661887694 0.05 0.06690561529271206
2 0.865234375 0.4629629629629629 0.07578125000000001 0.06571087216248506
2 0.38984375000000004 0.4199522102747909 0.0578125 0.09438470728793309
2 0.30859375 0.3363201911589008 0.035937500000000004 0.048984468339307044
2 0.821875 0.3817204301075269 0.05 0.05615292712066905
2 0.691015625 0.3100358422939068 0.03671875 0.04181600955794504
2 0.57734375 0.2694145758661888 0.029687500000000002 0.03464755077658303
2 0.373046875 0.25149342891278376 0.02109375 0.02270011947431302
2 0.36796875 0.2192353643966547 0.0171875 0.02031063321385902
2 0.37734375000000003 0.35125448028673834 0.040625 0.04301075268817204
2 0.39375000000000004 0.2114695340501792 0.0171875 0.02150537634408602
