2 0.7117187500000001 0.6203576341127923 0.32343750000000004 0.48418156808803303
2 0.278515625 0.44635488308115545 0.05234375 0.05639614855570839
2 0.319921875 0.4546079779917469 0.05078125 0.07015130674002751
2 0.40625 0.46286107290233836 0.07968750000000001 0.1279229711141678
2 0.353515625 0.46698762035763414 0.04453125 0.07840440165061899
2 0.546875 0.5 0.09843750000000001 0.22145804676753783
2 0.47695312500000003 0.4766162310866575 0.06328125 0.18844566712517194
2 0.22890625 0.4167812929848693 0.0328125 0.052269601100412656
2 0.255078125 0.4298486932599725 0.02421875 0.04264099037138927
2 0.1953125 0.41815680880330125 0.035937500000000004 0.0577716643741403
2 0.17265625 0.4195323246217332 0.0171875 0.055020632737276476
2 0.162109375 0.4236588720770289 0.01171875 0.03576341127922971
