2 0.087109375 0.8381612090680101 0.17421875 0.2959697732997481
2 0.49726562500000004 0.8098236775818639 0.06015625 0.07808564231738035
2 0.79453125 0.8526448362720402 0.17500000000000002 0.24433249370277077
2 0.569921875 0.8136020151133501 0.06640625 0.0982367758186398
1 0.38398437500000004 0.7518891687657431 0.10546875 0.19395465994962216
2 0.26328125 0.7921914357682619 0.040625 0.055415617128463476
2 0.207421875 0.7827455919395466 0.039843750000000004 0.054156171284634756
2 0.29921875000000003 0.7978589420654911 0.025 0.036523929471032744
2 0.32460937500000003 0.8136020151133501 0.017968750000000002 0.042821158690176324
2 0.45234375000000004 0.7978589420654911 0.040625 0.07682619647355164
2 0.661328125 0.8192695214105793 0.09765625 0.14483627204030225
