4 0.22382812500000002 0.7344665885111371 0.11015625000000001 0.37162954279015237
2 0.524609375 0.7409144196951933 0.26328125 0.42203985932004684
2 0.31562500000000004 0.5715123094958968 0.15625 0.2145369284876905
2 0.11601562500000001 0.541031652989449 0.17109375000000002 0.18405627198124266
2 0.8992187500000001 0.8059788980070339 0.2 0.34114888628370454
2 0.59765625 0.5246189917936693 0.109375 0.16529894490035169
2 0.25625000000000003 0.45720984759671746 0.078125 0.13364595545134816
2 0.1640625 0.47655334114888626 0.1328125 0.15123094958968347
6 0.7875000000000001 0.5580304806565064 0.2078125 0.3774912075029308
2 0.69296875 0.7256740914419695 0.125 0.3188745603751465
2 0.503515625 0.4912075029308323 0.10859375 0.09613130128956623
2 0.41484375 0.46658851113716293 0.028125 0.1148886283704572
2 0.33242187500000003 0.46248534583821804 0.10546875 0.11137162954279015
2 0.147265625 0.36694021101992963 0.08046875 0.09144196951934348
