2 0.05859375 0.809495896834701 0.08750000000000001 0.10902696365767878
2 0.935546875 0.8821805392731535 0.12265625000000001 0.1465416178194607
2 0.7605468750000001 0.9167643610785462 0.12890625 0.14302461899179367
2 0.7917968750000001 0.7790152403282532 0.08359375000000001 0.10199296600234466
2 0.90625 0.6711606096131301 0.08281250000000001 0.08089097303634231
2 0.240234375 0.7690504103165299 0.08046875 0.10550996483001171
2 0.337890625 0.9126611957796014 0.11015625000000001 0.14419695193434934
2 0.7976562500000001 0.7116060961313012 0.0890625 0.09378663540445487
2 0.349609375 0.6647127784290738 0.07265625 0.10550996483001171
2 0.27109375 0.5416178194607268 0.053125000000000006 0.07502930832356389
2 0.571875 0.6735052754982415 0.07187500000000001 0.07151230949589683
2 0.6875 0.6694021101992965 0.07187500000000001 0.0984759671746776
2 0.230859375 0.4953106682297772 0.04296875 0.050410316529894486
2 0.109765625 0.7033997655334114 0.07109375 0.09144196951934348
2 0.049609375000000004 0.5052754982415005 0.05078125 0.0656506447831184
2 0.7445312500000001 0.570926143024619 0.051562500000000004 0.053927315357561546
2 0.705078125 0.6031652989449003 0.055468750000000004 0.0574443141852286
2 0.61875 0.607854630715123 0.060937500000000006 0.059788980070339975
2 0.5734375 0.5586166471277842 0.051562500000000004 0.04806565064478312
2 0.5320312500000001 0.5275498241500586 0.0421875 0.04689331770222743
2 0.5691406250000001 0.4841735052754982 0.04609375 0.0492379835873388
2 0.6625000000000001 0.4525205158264947 0.037500000000000006 0.04689331770222743
2 0.6882812500000001 0.3868698710433763 0.026562500000000003 0.028135990621336458
2 0.483984375 0.5638921453692849 0.04296875 0.058616647127784284
2 0.523828125 0.6143024618991794 0.06171875 0.06330597889800703
2 0.463671875 0.541031652989449 0.039843750000000004 0.050410316529894486
2 0.396484375 0.46014067995310665 0.02890625 0.041031652989449004
2 0.42812500000000003 0.41148886283704567 0.03125 0.035169988276670575
2 0.516015625 0.45603751465416176 0.03359375 0.035169988276670575
2 0.194140625 0.43024618991793667 0.02890625 0.035169988276670575
2 0.037890625000000004 0.4466588511137163 0.03828125 0.035169988276670575
2 0.1203125 0.6524032825322391 0.059375000000000004 0.0574443141852286
2 0.24179687500000002 0.29777256740914415 0.02890625 0.01875732708089097
2 0.209375 0.24970691676436105 0.021875000000000002 0.021101992966002344
2 0.207421875 0.23388042203985931 0.02109375 0.019929660023446656
2 0.24531250000000002 0.23446658851113714 0.0171875 0.01875732708089097
2 0.27773437500000003 0.24091441969519342 0.022656250000000003 0.0246189917936694
2 0.7375 0.42321219226260254 0.035937500000000004 0.0328253223915592
2 0.486328125 0.4788980070339976 0.02421875 0.026963657678780773
2 0.50546875 0.5011723329425557 0.0328125 0.04572098475967174
