2 0.512109375 0.6740638002773925 0.09921875000000001 0.13592233009708737
2 0.7046875 0.7406380027739251 0.15625 0.23300970873786409
2 0.11328125 0.673370319001387 0.140625 0.24826629680998613
2 0.30898437500000003 0.6380027739251041 0.09765625 0.14979195561719835
1 0.54609375 0.4445214979195562 0.060937500000000006 0.0957004160887656
2 0.6000000000000001 0.630374479889043 0.059375000000000004 0.07073509015256588
2 0.6796875 0.5742024965325936 0.051562500000000004 0.09431345353675451
1 0.60546875 0.47018030513176146 0.0625 0.12482662968099861
2 0.36484375 0.622746185852982 0.046875 0.09153952843273232
2 0.03359375 0.6879334257975035 0.065625 0.26907073509015256
2 0.574609375 0.5825242718446602 0.055468750000000004 0.07489597780859918
2 0.52890625 0.5665742024965326 0.045312500000000006 0.056865464632454926
2 0.3984375 0.5811373092926491 0.053125000000000006 0.08599167822468794
2 0.311328125 0.5339805825242718 0.07734375 0.0638002773925104
2 0.32539062500000004 0.5194174757281553 0.08046875 0.059639389736477116
2 0.36328125 0.5 0.059375000000000004 0.056865464632454926
2 0.386328125 0.48335644937586686 0.05078125 0.06241331484049931
2 0.40156250000000004 0.46601941747572817 0.051562500000000004 0.05825242718446602
2 0.452734375 0.42371705963938977 0.06640625 0.054091539528432736
2 0.6628906250000001 0.5298196948682385 0.08828125 0.08599167822468794
2 0.655859375 0.3959778085991678 0.02890625 0.04299583911234397
2 0.633984375 0.3765603328710125 0.02421875 0.03467406380027739
2 0.5769531250000001 0.37933425797503467 0.02890625 0.0319001386962552
2 0.5890625 0.3592233009708738 0.021875000000000002 0.030513176144244106
2 0.544921875 0.5145631067961165 0.047656250000000004 0.06102635228848821
