2 0.12421875 0.6169965075669382 0.2484375 0.2351571594877765
2 0.6726562500000001 0.5320139697322468 0.140625 0.13969732246798602
2 0.150390625 0.4575087310826542 0.14140625 0.11175785797438882
2 0.32070312500000003 0.7508731082654249 0.39609375 0.370197904540163
2 0.31484375000000003 0.5349243306169965 0.1859375 0.0919674039580908
6 0.675390625 0.36554132712456344 0.10390625 0.16763678696158324
2 0.3203125 0.4150174621653085 0.07500000000000001 0.06868451688009312
2 0.765625 0.43247962747380675 0.1015625 0.14318975552968569
2 0.444921875 0.4551804423748545 0.17578125 0.10942956926658906
2 0.5390625 0.34342258440046564 0.05 0.05355064027939464
2 0.373828125 0.4406286379511059 0.12578125 0.0919674039580908
2 0.9167968750000001 0.29743888242142025 0.039843750000000004 0.038416763678696154
2 0.6046875 0.330034924330617 0.043750000000000004 0.05238649592549476
2 0.7722656250000001 0.33352735739231665 0.08515625 0.0640279394644936
