2 0.640234375 0.7953263497179693 0.14609375 0.1224818694601128
2 0.0671875 0.4282836422240129 0.059375000000000004 0.0717163577759871
2 0.49296875 0.7224012892828364 0.12187500000000001 0.1168412570507655
2 0.405078125 0.7788074133763094 0.12578125 0.1152296535052377
2 0.46132812500000003 0.2921031426269138 0.07890625000000001 0.0507655116841257
1 0.401953125 0.13013698630136986 0.06484375 0.0652699435938759
2 0.5710937500000001 0.8444802578565672 0.17343750000000002 0.128928283642224
2 0.7289062500000001 0.6946011281224819 0.1125 0.11442385173247381
2 0.117578125 0.9540692989524576 0.17578125 0.09024979854955681
4 0.513671875 0.9327155519742143 0.06953125 0.13295729250604352
2 0.7703125000000001 0.6587429492344883 0.1203125 0.11845286059629331
2 0.6875 0.7506043513295729 0.140625 0.11845286059629331
2 0.408984375 0.9403706688154714 0.15859375 0.11764705882352941
2 0.055468750000000004 0.9730056406124094 0.11093750000000001 0.0491539081385979
1 0.1328125 0.37469782433521354 0.1546875 0.1305398871877518
2 0.5300781250000001 0.6841257050765511 0.09296875 0.09669621273166801
2 0.8054687500000001 0.4770346494762288 0.0890625 0.08380338436744561
2 0.6203125 0.6164383561643836 0.09062500000000001 0.0854149879129734
2 0.808203125 0.595890410958904 0.09140625000000001 0.0991136180499597
2 0.026953125 0.4254633360193392 0.05390625 0.1160354552780016
2 0.18281250000000002 0.9145850120870266 0.18125000000000002 0.12409347300564061
2 0.6390625000000001 0.4605157131345689 0.09062500000000001 0.060435132957292505
2 0.60703125 0.4411764705882353 0.0765625 0.07977437550362611
2 0.30117187500000003 0.9665592264302981 0.18828125 0.0652699435938759
4 0.482421875 0.3912167606768735 0.02109375 0.0636583400483481
2 0.638671875 0.13376309427880742 0.03359375 0.0306204673650282
2 0.572265625 0.13416599516518934 0.032031250000000004 0.0298146655922643
2 0.6218750000000001 0.15914585012087026 0.037500000000000006 0.033037872683319904
2 0.62265625 0.22602739726027396 0.046875 0.0491539081385979
2 0.626953125 0.24536663980660756 0.03359375 0.033037872683319904
2 0.599609375 0.2111200644641418 0.039843750000000004 0.048348106365834004
2 0.5691406250000001 0.19943593875906526 0.02421875 0.0378726833199033
2 0.54921875 0.18775181305398872 0.018750000000000003 0.0499597099113618
2 0.536328125 0.18331990330378725 0.01171875 0.0378726833199033
2 0.5078125 0.22159548751007252 0.043750000000000004 0.032232070910556
2 0.516796875 0.2385173247381144 0.03828125 0.0257856567284448
2 0.5222656250000001 0.27518130539887187 0.04453125 0.0459307010475423
2 0.47382812500000004 0.20910556003223207 0.01015625 0.0265914585012087
2 0.48085937500000003 0.21353746978243351 0.01015625 0.0338436744560838
2 0.46718750000000003 0.20145044319097502 0.0140625 0.040290088638195005
2 0.35585937500000003 0.3195004029008864 0.039843750000000004 0.0507655116841257
2 0.32109375 0.32312651087832395 0.059375000000000004 0.046736502820306204
2 0.29140625000000003 0.32997582594681707 0.028125 0.0427074939564867
2 0.246484375 0.33440773569701854 0.06640625 0.046736502820306204
2 0.22734375 0.35938759065269943 0.05 0.048348106365834004
2 0.20664062500000002 0.38396454472199837 0.025781250000000002 0.0652699435938759
2 0.37148437500000003 0.048751007252215955 0.02890625 0.021756647864625302
2 0.34492187500000004 0.0612409347300564 0.02421875 0.0177276390008058
2 0.41015625 0.057211925866236905 0.0234375 0.022562449637389202
2 0.34140625 0.09427880741337631 0.025 0.0306204673650282
2 0.415625 0.15511684125705075 0.0125 0.0249798549556809
2 0.43828125 0.17203867848509266 0.009375000000000001 0.0249798549556809
2 0.44843750000000004 0.18331990330378725 0.0125 0.033037872683319904
2 0.5378906250000001 0.10273972602739725 0.02421875 0.020145044319097503
2 0.540234375 0.0749395648670427 0.030468750000000003 0.0257856567284448
2 0.619140625 0.0290088638195004 0.025781250000000002 0.022562449637389202
2 0.548828125 0.1224818694601128 0.017968750000000002 0.024174053182917002
2 0.762890625 0.4101531023368251 0.09609375 0.1015310233682514
2 0.6527343750000001 0.5507655116841257 0.09140625000000001 0.07010475423045931
2 0.6511718750000001 0.5854149879129734 0.07734375 0.07010475423045931
2 0.6062500000000001 0.628928283642224 0.0859375 0.062046736502820304
2 0.5769531250000001 0.6603545527800161 0.06640625 0.09427880741337631
2 0.362890625 0.8025785656728445 0.11171875 0.12570507655116842
2 0.27109375 0.846494762288477 0.16875 0.14585012087026591
4 0.562890625 0.9254633360193392 0.05234375 0.1377921031426269
6 0.7078125000000001 0.30177276390008057 0.1203125 0.1893634165995165
6 0.5867187500000001 0.3126510878323932 0.09843750000000001 0.1160354552780016
6 0.622265625 0.3759065269943594 0.10390625 0.1023368251410153
6 0.373828125 0.10838033843674455 0.041406250000000006 0.058823529411764705
