2 0.24296875 0.9276905829596412 0.13593750000000002 0.12443946188340807
2 0.487109375 0.8643497757847534 0.11953125 0.11434977578475336
2 0.6257812500000001 0.6827354260089686 0.0765625 0.08295964125560538
2 0.101953125 0.5515695067264574 0.10234375000000001 0.08071748878923767
2 0.15000000000000002 0.8004484304932735 0.13125 0.11210762331838565
2 0.28515625 0.6872197309417041 0.1015625 0.09417040358744394
2 0.5574218750000001 0.7724215246636771 0.08671875000000001 0.09192825112107623
2 0.023046875 0.5868834080717489 0.04609375 0.07062780269058296
2 0.6605468750000001 0.617152466367713 0.06015625 0.06838565022421525
2 0.47265625 0.9702914798206278 0.11875000000000001 0.05717488789237668
2 0.10312500000000001 0.9103139013452914 0.153125 0.12780269058295965
2 0.22890625 0.8234304932735426 0.11875000000000001 0.09753363228699552
2 0.530859375 0.6653587443946188 0.08671875000000001 0.08632286995515695
2 0.027734375000000002 0.4938340807174888 0.05078125 0.06614349775784753
2 0.370703125 0.8139013452914798 0.09765625 0.08968609865470852
2 0.35625 0.7253363228699552 0.09843750000000001 0.08520179372197309
2 0.37343750000000003 0.6238789237668161 0.08281250000000001 0.06614349775784753
2 0.44609375 0.5616591928251121 0.07968750000000001 0.06053811659192825
2 0.45351562500000003 0.6272421524663677 0.07734375 0.0773542600896861
2 0.47695312500000003 0.7286995515695067 0.06796875000000001 0.11659192825112108
2 0.5183593750000001 0.5633408071748879 0.06171875 0.07062780269058296
2 0.597265625 0.5919282511210763 0.06015625 0.06278026905829596
2 0.642578125 0.5364349775784754 0.055468750000000004 0.06838565022421525
2 0.7367187500000001 0.5319506726457399 0.059375000000000004 0.07062780269058296
2 0.775390625 0.47701793721973096 0.04609375 0.052690582959641255
2 0.8074218750000001 0.43385650224215244 0.047656250000000004 0.06053811659192825
2 0.833984375 0.3873318385650224 0.039843750000000004 0.04820627802690583
2 0.75390625 0.3951793721973094 0.0484375 0.04596412556053812
2 0.71875 0.44786995515695066 0.06406250000000001 0.06614349775784753
2 0.62890625 0.47141255605381166 0.06406250000000001 0.043721973094170405
2 0.572265625 0.5213004484304933 0.06328125 0.053811659192825115
2 0.52265625 0.4887892376681614 0.065625 0.042600896860986545
2 0.5796875 0.4405829596412556 0.05625 0.04708520179372197
2 0.6292968750000001 0.3895739910313901 0.05859375 0.052690582959641255
2 0.67109375 0.3486547085201794 0.0484375 0.04932735426008968
2 0.712890625 0.3066143497757847 0.04609375 0.043721973094170405
2 0.763671875 0.3189461883408072 0.039843750000000004 0.04820627802690583
2 0.80390625 0.33183856502242154 0.0390625 0.04708520179372197
2 0.829296875 0.3054932735426009 0.032031250000000004 0.04147982062780269
2 0.78125 0.28139013452914796 0.0328125 0.03139013452914798
2 0.767578125 0.25448430493273544 0.03828125 0.033632286995515695
2 0.7957031250000001 0.23318385650224216 0.032031250000000004 0.04035874439461883
2 0.821484375 0.2023542600896861 0.030468750000000003 0.030269058295964126
2 0.890625 0.31670403587443946 0.0328125 0.052690582959641255
2 0.907421875 0.2802690582959641 0.030468750000000003 0.04708520179372197
2 0.8515625 0.2780269058295964 0.029687500000000002 0.04484304932735426
2 0.93125 0.2595291479820628 0.028125 0.03923766816143498
2 0.911328125 0.22141255605381166 0.017968750000000002 0.03475336322869955
2 0.891796875 0.22926008968609865 0.01953125 0.025784753363228698
2 0.8617187500000001 0.21524663677130046 0.0234375 0.03139013452914798
2 0.9515625000000001 0.22757847533632286 0.021875000000000002 0.033632286995515695
2 0.9363281250000001 0.18497757847533633 0.02421875 0.02242152466367713
2 0.907421875 0.1367713004484305 0.02421875 0.03139013452914798
