2 0.21953125 0.5416666666666667 0.43593750000000003 0.4444444444444445
2 0.46601562500000004 0.41805555555555557 0.09140625000000001 0.09722222222222222
2 0.5339843750000001 0.4798611111111111 0.08984375 0.17916666666666667
2 0.44375000000000003 0.5722222222222223 0.11093750000000001 0.3194444444444445
4 0.6332031250000001 0.6430555555555556 0.09765625 0.675
4 0.7738281250000001 0.61875 0.13046875 0.6652777777777779
4 0.8929687500000001 0.4652777777777778 0.0578125 0.25
4 0.9675781250000001 0.45833333333333337 0.04453125 0.25833333333333336
4 0.929296875 0.42708333333333337 0.039843750000000004 0.20416666666666666
4 0.84921875 0.3993055555555556 0.040625 0.11527777777777778
