2 0.8191406250000001 0.5450819672131147 0.23046875 0.22833723653395785
2 0.08671875000000001 0.617096018735363 0.15000000000000002 0.16393442622950818
4 0.36171875000000003 0.6042154566744731 0.08281250000000001 0.3114754098360656
2 0.48125 0.5134660421545667 0.045312500000000006 0.05737704918032787
2 0.174609375 0.5462529274004684 0.09140625000000001 0.16042154566744732
2 0.228515625 0.5351288056206089 0.06015625 0.117096018735363
2 0.2859375 0.5263466042154566 0.0484375 0.09016393442622951
2 0.01171875 0.6797423887587822 0.0203125 0.2681498829039813
2 0.671484375 0.5310304449648712 0.07265625 0.14402810304449648
2 0.54453125 0.5140515222482436 0.053125000000000006 0.06557377049180328
2 0.50625 0.5122950819672131 0.026562500000000003 0.06206088992974239
4 0.6117187500000001 0.5685011709601874 0.07187500000000001 0.30327868852459017
4 0.42304687500000004 0.5286885245901639 0.041406250000000006 0.18149882903981265
4 0.396484375 0.5163934426229508 0.01171875 0.05152224824355972
