2 0.64609375 0.6181061394380853 0.10625000000000001 0.11446409989594174
2 0.740234375 0.5790842872008325 0.06953125 0.06971904266389178
2 0.9792968750000001 0.6004162330905307 0.039843750000000004 0.0894901144640999
2 0.9656250000000001 0.5754422476586889 0.060937500000000006 0.08740894901144641
2 0.10625000000000001 0.6087408949011447 0.12187500000000001 0.12903225806451615
2 0.030859375 0.6087408949011447 0.05859375 0.17273673257023936
2 0.55390625 0.5681581685744017 0.045312500000000006 0.052029136316337155
2 0.790234375 0.5593132154006244 0.03359375 0.07388137356919876
2 0.85703125 0.593652445369407 0.05625 0.07180020811654528
2 0.8855468750000001 0.5718002081165453 0.06015625 0.0822060353798127
