0 0.704688 0.779601 0.153125 0.201641
0 0.513672 0.723329 0.100781 0.117233
0 0.112109 0.722157 0.146094 0.201641
0 0.600781 0.684056 0.057813 0.071512
0 0.310547 0.695193 0.094531 0.124267
0 0.033594 0.739156 0.064062 0.230950
0 0.679688 0.638335 0.051562 0.085580
0 0.392969 0.642438 0.060937 0.079719
0 0.356641 0.672919 0.064844 0.093787
0 0.456250 0.515826 0.068750 0.046893
0 0.548047 0.593200 0.050781 0.046893
0 0.529297 0.636577 0.044531 0.051583
0 0.579297 0.644783 0.052344 0.072685
0 0.666016 0.597304 0.091406 0.062134
0 0.653906 0.485932 0.029687 0.036342
0 0.579688 0.475967 0.029687 0.028136
0 0.633984 0.471864 0.022656 0.026964
4 0.610547 0.538687 0.061719 0.109027
4 0.543750 0.526964 0.059375 0.080891
0 0.311328 0.602579 0.075781 0.042204
0 0.331641 0.594373 0.063281 0.042204
0 0.369141 0.571512 0.044531 0.041032
0 0.392578 0.558617 0.038281 0.031653