0 0.913672 0.852587 0.089844 0.119134
0 0.755078 0.844164 0.089844 0.135981
0 0.702344 0.590253 0.059375 0.073406
0 0.618359 0.660650 0.063281 0.067389
0 0.872266 0.693141 0.067969 0.091456
0 0.309375 0.966306 0.114062 0.060168
0 0.457422 0.436221 0.041406 0.049338
0 0.542969 0.959687 0.092188 0.078219
0 0.743359 0.981348 0.094531 0.034898
2 0.433984 0.684717 0.127344 0.250301
0 0.886719 0.400722 0.048438 0.055355
0 0.596094 0.773165 0.078125 0.097473
0 0.565625 0.856197 0.090625 0.111913
0 0.370312 0.888087 0.096875 0.120337
0 0.841797 0.622142 0.074219 0.110710
0 0.734375 0.364019 0.042188 0.049338
0 0.469141 0.547533 0.060156 0.055355
0 0.521094 0.484958 0.042188 0.048135
0 0.562500 0.509627 0.042188 0.056558
0 0.557813 0.547533 0.017188 0.052948
0 0.596094 0.570999 0.056250 0.119134
0 0.630469 0.493381 0.046875 0.069795
0 0.698047 0.481949 0.039844 0.044525
0 0.729297 0.513839 0.027344 0.052948
0 0.633203 0.356799 0.035156 0.039711
0 0.575391 0.322503 0.033594 0.033694
0 0.099609 0.326113 0.028906 0.036101
0 0.020703 0.302046 0.028906 0.036101
0 0.135937 0.292419 0.035937 0.036101
0 0.150781 0.329723 0.034375 0.040915
0 0.198047 0.290614 0.035156 0.020457
0 0.198437 0.312876 0.037500 0.033694
0 0.176563 0.323105 0.026562 0.039711
0 0.086719 0.287605 0.029687 0.031288
0 0.526563 0.418773 0.037500 0.045728
0 0.674609 0.549338 0.047656 0.049338
2 0.582031 0.415764 0.071875 0.116727
2 0.368750 0.382671 0.068750 0.072202
0 0.285156 0.381468 0.043750 0.050542