0 0.664844 0.387772 0.126562 0.169179
4 0.436719 0.232831 0.165625 0.298157
0 0.111328 0.391122 0.127344 0.195980
0 0.700000 0.618090 0.212500 0.398660
0 0.807031 0.710218 0.270313 0.479062
0 0.793750 0.389447 0.128125 0.179229
0 0.598047 0.315745 0.094531 0.149079
0 0.333203 0.467337 0.121094 0.278057
0 0.308594 0.417923 0.109375 0.266332
0 0.234375 0.351759 0.079687 0.187605
0 0.355859 0.485762 0.085156 0.284757
0 0.166406 0.210218 0.065625 0.122278
0 0.130469 0.178392 0.037500 0.102178
0 0.073828 0.092127 0.035156 0.070352
0 0.108594 0.173367 0.020313 0.102178
0 0.262500 0.157454 0.046875 0.067002
0 0.325781 0.213568 0.025000 0.065327
0 0.492578 0.563652 0.200781 0.366834
0 0.410938 0.515075 0.079687 0.303183
0 0.233984 0.133166 0.033594 0.075377