0 0.512109 0.674064 0.099219 0.135922
0 0.704688 0.740638 0.156250 0.233010
0 0.113281 0.673370 0.140625 0.248266
0 0.308984 0.638003 0.097656 0.149792
4 0.546094 0.444521 0.060937 0.095700
0 0.600000 0.630374 0.059375 0.070735
0 0.679688 0.574202 0.051562 0.094313
4 0.605469 0.470180 0.062500 0.124827
0 0.364844 0.622746 0.046875 0.091540
0 0.033594 0.687933 0.065625 0.269071
0 0.574609 0.582524 0.055469 0.074896
0 0.528906 0.566574 0.045312 0.056865
0 0.398438 0.581137 0.053125 0.085992
0 0.311328 0.533981 0.077344 0.063800
0 0.325391 0.519417 0.080469 0.059639
0 0.363281 0.500000 0.059375 0.056865
0 0.386328 0.483356 0.050781 0.062413
0 0.401562 0.466019 0.051562 0.058252
0 0.452734 0.423717 0.066406 0.054092
0 0.662891 0.529820 0.088281 0.085992
0 0.655859 0.395978 0.028906 0.042996
0 0.633984 0.376560 0.024219 0.034674
0 0.576953 0.379334 0.028906 0.031900
0 0.589063 0.359223 0.021875 0.030513
0 0.544922 0.514563 0.047656 0.061026