0 0.110156 0.893750 0.212500 0.209722
0 0.471875 0.643750 0.135937 0.212500
0 0.293359 0.789583 0.142969 0.226389
0 0.283984 0.442361 0.105469 0.131944
0 0.391797 0.323611 0.116406 0.094444
0 0.500000 0.172917 0.057813 0.073611
0 0.279297 0.652083 0.121094 0.162500
0 0.276172 0.545139 0.158594 0.176389
0 0.285938 0.352083 0.160938 0.134722
0 0.414844 0.263889 0.056250 0.069444
0 0.390234 0.227083 0.047656 0.062500
0 0.284766 0.242361 0.066406 0.040278
0 0.279297 0.129167 0.047656 0.061111
0 0.279297 0.188889 0.049219 0.050000
0 0.345703 0.063194 0.027344 0.037500
0 0.465625 0.159028 0.020313 0.059722
0 0.503516 0.114583 0.032031 0.034722
0 0.484766 0.084722 0.035156 0.036111
0 0.664062 0.434028 0.075000 0.145833
0 0.655469 0.350694 0.059375 0.073611
0 0.842187 0.550000 0.118750 0.188889
4 0.537500 0.377083 0.165625 0.318056
0 0.506250 0.956250 0.173437 0.084722