1 0.409766 0.701353 0.239844 0.576483
0 0.111719 0.394901 0.089063 0.100937
0 0.282813 0.575442 0.114062 0.156087
0 0.789062 0.496358 0.103125 0.126951
0 0.083203 0.533299 0.127344 0.190427
0 0.918750 0.696150 0.160938 0.357960
0 0.521484 0.521332 0.108594 0.139438
0 0.680078 0.424558 0.097656 0.099896
1 0.208984 0.348595 0.030469 0.087409
0 0.348828 0.326223 0.214844 0.115505
0 0.579688 0.397503 0.075000 0.081165
0 0.718750 0.670656 0.082812 0.198751
0 0.814453 0.686264 0.161719 0.300728
0 0.670703 0.653486 0.067969 0.191467
0 0.616016 0.612383 0.077344 0.186264
0 0.579297 0.593652 0.042969 0.155047
0 0.557422 0.544745 0.041406 0.125911
0 0.483203 0.472425 0.080469 0.108221
0 0.542578 0.358481 0.069531 0.073881
0 0.037891 0.610302 0.066406 0.167534
0 0.087500 0.574922 0.075000 0.148803
0 0.110156 0.259105 0.060937 0.095734
0 0.102344 0.191467 0.060937 0.068678
0 0.107422 0.133195 0.049219 0.077003
0 0.134375 0.046826 0.048438 0.058273
0 0.374219 0.116025 0.040625 0.046826
0 0.419531 0.168054 0.048438 0.080125
0 0.396875 0.216441 0.073438 0.072841
0 0.535156 0.266389 0.067187 0.066597
0 0.411328 0.070760 0.078906 0.058273
2 0.239844 0.051509 0.062500 0.084287
1 0.044141 0.248179 0.021094 0.067638