0 0.640234 0.795326 0.146094 0.122482
0 0.067187 0.428284 0.059375 0.071716
0 0.492969 0.722401 0.121875 0.116841
0 0.405078 0.778807 0.125781 0.115230
0 0.461328 0.292103 0.078906 0.050766
4 0.401953 0.130137 0.064844 0.065270
0 0.571094 0.844480 0.173437 0.128928
0 0.728906 0.694601 0.112500 0.114424
0 0.117578 0.954069 0.175781 0.090250
1 0.513672 0.932716 0.069531 0.132957
0 0.770312 0.658743 0.120313 0.118453
0 0.687500 0.750604 0.140625 0.118453
0 0.408984 0.940371 0.158594 0.117647
0 0.055469 0.973006 0.110937 0.049154
4 0.132812 0.374698 0.154688 0.130540
0 0.530078 0.684126 0.092969 0.096696
0 0.805469 0.477035 0.089063 0.083803
0 0.620313 0.616438 0.090625 0.085415
0 0.808203 0.595890 0.091406 0.099114
0 0.026953 0.425463 0.053906 0.116035
0 0.182812 0.914585 0.181250 0.124093
0 0.639062 0.460516 0.090625 0.060435
0 0.607031 0.441176 0.076563 0.079774
0 0.301172 0.966559 0.188281 0.065270
1 0.482422 0.391217 0.021094 0.063658
0 0.638672 0.133763 0.033594 0.030620
0 0.572266 0.134166 0.032031 0.029815
0 0.621875 0.159146 0.037500 0.033038
0 0.622656 0.226027 0.046875 0.049154
0 0.626953 0.245367 0.033594 0.033038
0 0.599609 0.211120 0.039844 0.048348
0 0.569141 0.199436 0.024219 0.037873
0 0.549219 0.187752 0.018750 0.049960
0 0.536328 0.183320 0.011719 0.037873
0 0.507812 0.221595 0.043750 0.032232
0 0.516797 0.238517 0.038281 0.025786
0 0.522266 0.275181 0.044531 0.045931
0 0.473828 0.209106 0.010156 0.026591
0 0.480859 0.213537 0.010156 0.033844
0 0.467187 0.201450 0.014063 0.040290
0 0.355859 0.319500 0.039844 0.050766
0 0.321094 0.323127 0.059375 0.046737
0 0.291406 0.329976 0.028125 0.042707
0 0.246484 0.334408 0.066406 0.046737
0 0.227344 0.359388 0.050000 0.048348
0 0.206641 0.383965 0.025781 0.065270
0 0.371484 0.048751 0.028906 0.021757
0 0.344922 0.061241 0.024219 0.017728
0 0.410156 0.057212 0.023438 0.022562
0 0.341406 0.094279 0.025000 0.030620
0 0.415625 0.155117 0.012500 0.024980
0 0.438281 0.172039 0.009375 0.024980
0 0.448437 0.183320 0.012500 0.033038
0 0.537891 0.102740 0.024219 0.020145
0 0.540234 0.074940 0.030469 0.025786
0 0.619141 0.029009 0.025781 0.022562
0 0.548828 0.122482 0.017969 0.024174
0 0.762891 0.410153 0.096094 0.101531
0 0.652734 0.550766 0.091406 0.070105
0 0.651172 0.585415 0.077344 0.070105
0 0.606250 0.628928 0.085938 0.062047
0 0.576953 0.660355 0.066406 0.094279
0 0.362891 0.802579 0.111719 0.125705
0 0.271094 0.846495 0.168750 0.145850
1 0.562891 0.925463 0.052344 0.137792
2 0.707812 0.301773 0.120313 0.189363
2 0.586719 0.312651 0.098437 0.116035
2 0.622266 0.375907 0.103906 0.102337
2 0.373828 0.108380 0.041406 0.058824