0 0.164844 0.835417 0.201563 0.301389
0 0.651563 0.877083 0.176563 0.237500
0 0.933984 0.847917 0.130469 0.293056
0 0.589063 0.419444 0.112500 0.152778
0 0.650000 0.667361 0.148438 0.201389
0 0.790234 0.407639 0.119531 0.156944
0 0.614062 0.542361 0.125000 0.151389
0 0.900391 0.722917 0.161719 0.234722
0 0.244141 0.583333 0.153906 0.272222
0 0.952734 0.365972 0.082031 0.143056
0 0.117578 0.401389 0.128906 0.194444
0 0.838672 0.505556 0.149219 0.222222
0 0.063281 0.539583 0.120313 0.151389
0 0.919141 0.795833 0.138281 0.258333
0 0.579297 0.294444 0.091406 0.125000
0 0.387500 0.256944 0.073438 0.125000
0 0.885547 0.300694 0.107031 0.159722
0 0.179688 0.329861 0.082812 0.129167
0 0.037500 0.636806 0.075000 0.240278
0 0.744531 0.336806 0.107813 0.156944
0 0.969531 0.394444 0.042188 0.194444
0 0.839844 0.240278 0.060937 0.088889
0 0.819141 0.203472 0.055469 0.095833
0 0.689844 0.292361 0.031250 0.140278
0 0.660547 0.253472 0.027344 0.079167
0 0.624219 0.205556 0.053125 0.072222
0 0.547266 0.241667 0.058594 0.066667
0 0.491797 0.170833 0.046094 0.086111
0 0.336719 0.322917 0.085938 0.126389
0 0.306250 0.431250 0.118750 0.195833
0 0.047266 0.270139 0.058594 0.101389
0 0.065625 0.234722 0.068750 0.100000
0 0.115234 0.220833 0.030469 0.097222
0 0.289062 0.219444 0.056250 0.083333
0 0.317188 0.233333 0.057813 0.061111
0 0.946484 0.209722 0.053906 0.083333
2 0.792188 0.172917 0.071875 0.154167
2 0.183203 0.204861 0.116406 0.270833
2 0.095703 0.188194 0.067969 0.181944
2 0.626563 0.154167 0.056250 0.105556
2 0.675391 0.143056 0.053906 0.111111
2 0.315234 0.106944 0.067969 0.108333
2 0.243750 0.147222 0.045312 0.188889
0 0.509766 0.177778 0.047656 0.075000
0 0.513281 0.209722 0.017188 0.077778
0 0.582031 0.172917 0.032813 0.048611
0 0.247266 0.201389 0.022656 0.075000