0 0.537500 0.575175 0.123438 0.206294
0 0.877344 0.169580 0.092188 0.164336
0 0.168359 0.372378 0.110156 0.153846
0 0.912109 0.830420 0.152344 0.290210
0 0.838672 0.090909 0.086719 0.129371
0 0.356250 0.374126 0.103125 0.143357
0 0.116406 0.531469 0.121875 0.160839
0 0.112500 0.638112 0.123438 0.209790
0 0.948438 0.325175 0.101562 0.241259
0 0.307812 0.634615 0.142187 0.227273
0 0.063672 0.732517 0.125781 0.244755
0 0.340234 0.461538 0.102344 0.108392
0 0.708984 0.604895 0.205469 0.332168
0 0.229297 0.298951 0.092969 0.143357
0 0.285156 0.866259 0.187500 0.256993
0 0.453125 0.430944 0.875000 0.851399
0 0.594531 0.892483 0.162500 0.208042
0 0.541797 0.727273 0.124219 0.192308
0 0.166797 0.488636 0.102344 0.187063
0 0.325781 0.740385 0.121875 0.155594
0 0.417578 0.103147 0.086719 0.143357
0 0.217969 0.240385 0.081250 0.075175
0 0.403125 0.336538 0.084375 0.141608
0 0.574219 0.154720 0.104688 0.180070
0 0.553906 0.075175 0.090625 0.115385
0 0.360547 0.576923 0.116406 0.241259
0 0.546484 0.430070 0.138281 0.227273
0 0.562109 0.317308 0.113281 0.145105
0 0.562891 0.251748 0.110156 0.132867
0 0.403125 0.184441 0.082812 0.071678
0 0.415234 0.269231 0.085156 0.136364
0 0.244141 0.131993 0.074219 0.110140
0 0.235937 0.162587 0.078125 0.087413
0 0.223438 0.184441 0.078125 0.061189
0 0.987500 0.515734 0.020313 0.199301