0 0.596484 0.873457 0.128906 0.186420
0 0.164453 0.598765 0.091406 0.130864
0 0.622656 0.740123 0.117188 0.196296
0 0.217969 0.558642 0.064062 0.100000
0 0.242578 0.493210 0.074219 0.080247
0 0.279297 0.439506 0.061719 0.069136
0 0.312891 0.404938 0.058594 0.069136
0 0.614453 0.629630 0.114844 0.096296
0 0.618359 0.515432 0.091406 0.104938
0 0.593750 0.468519 0.067187 0.087654
0 0.603906 0.383951 0.075000 0.074074
0 0.569531 0.295062 0.051562 0.046914
0 0.360938 0.348148 0.026562 0.074074
2 0.334375 0.706173 0.154688 0.308642
2 0.426953 0.495062 0.114844 0.246914
2 0.471484 0.376543 0.075781 0.197531
0 0.448437 0.214815 0.039062 0.049383
0 0.526953 0.337037 0.030469 0.064198
0 0.874609 0.318519 0.052344 0.059259
0 0.802344 0.230247 0.048438 0.055556
0 0.874219 0.216667 0.040625 0.048148
0 0.476562 0.152469 0.032813 0.040741
2 0.406250 0.309877 0.060937 0.165432
0 0.577344 0.208642 0.035937 0.044444
0 0.517578 0.256790 0.039844 0.046914
0 0.610938 0.322222 0.054688 0.044444
0 0.588672 0.240741 0.044531 0.039506