0 0.114062 0.931223 0.142187 0.135371
0 0.159375 0.716157 0.117188 0.122271
0 0.137500 0.796943 0.134375 0.152838
0 0.409375 0.783297 0.117188 0.125546
0 0.949609 0.533297 0.096094 0.092795
0 0.430078 0.938865 0.139844 0.120087
0 0.395313 0.683952 0.096875 0.112445
0 0.802344 0.463428 0.081250 0.084061
0 0.620703 0.659389 0.100781 0.135371
0 0.150000 0.751638 0.129688 0.129913
0 0.401562 0.380459 0.073438 0.075328
0 0.251953 0.330786 0.067969 0.069869
0 0.720703 0.398472 0.075781 0.080786
0 0.407031 0.899017 0.132812 0.145197
0 0.386719 0.531659 0.075000 0.078603
0 0.222266 0.470524 0.077344 0.109170
0 0.889453 0.502729 0.082031 0.079694
0 0.189844 0.507096 0.090625 0.097162
0 0.194922 0.578057 0.099219 0.127729
0 0.762500 0.432860 0.068750 0.068777
0 0.592969 0.521288 0.084375 0.086245
0 0.555859 0.383734 0.083594 0.079694
0 0.656250 0.834061 0.117188 0.133188
0 0.657813 0.296943 0.064062 0.063319
0 0.408594 0.558406 0.093750 0.075328
0 0.656641 0.362991 0.080469 0.084061
0 0.256250 0.306223 0.064062 0.088428
0 0.398438 0.468886 0.076563 0.086245
0 0.682031 0.856987 0.115625 0.111354
0 0.760156 0.911026 0.234375 0.169214
0 0.558203 0.239083 0.050781 0.058952
0 0.522656 0.280022 0.057813 0.055677
0 0.503516 0.324236 0.058594 0.048035
0 0.506641 0.359170 0.044531 0.056769
0 0.557813 0.462336 0.085938 0.094978
0 0.604688 0.578057 0.089063 0.084061
0 0.650391 0.750000 0.125781 0.093886
0 0.397266 0.630459 0.119531 0.143013
0 0.257422 0.435590 0.077344 0.089520
0 0.241016 0.399017 0.074219 0.064410
0 0.234375 0.361354 0.068750 0.043668
0 0.276562 0.283843 0.043750 0.072052
0 0.298438 0.276747 0.028125 0.066594
0 0.483203 0.250546 0.041406 0.057860
2 0.398828 0.235262 0.082031 0.162664