0 0.242969 0.927691 0.135937 0.124439
0 0.487109 0.864350 0.119531 0.114350
0 0.625781 0.682735 0.076563 0.082960
0 0.101953 0.551570 0.102344 0.080717
0 0.150000 0.800448 0.131250 0.112108
0 0.285156 0.687220 0.101562 0.094170
0 0.557422 0.772422 0.086719 0.091928
0 0.023047 0.586883 0.046094 0.070628
0 0.660547 0.617152 0.060156 0.068386
0 0.472656 0.970291 0.118750 0.057175
0 0.103125 0.910314 0.153125 0.127803
0 0.228906 0.823430 0.118750 0.097534
0 0.530859 0.665359 0.086719 0.086323
0 0.027734 0.493834 0.050781 0.066143
0 0.370703 0.813901 0.097656 0.089686
0 0.356250 0.725336 0.098437 0.085202
0 0.373437 0.623879 0.082812 0.066143
0 0.446094 0.561659 0.079687 0.060538
0 0.453516 0.627242 0.077344 0.077354
0 0.476953 0.728700 0.067969 0.116592
0 0.518359 0.563341 0.061719 0.070628
0 0.597266 0.591928 0.060156 0.062780
0 0.642578 0.536435 0.055469 0.068386
0 0.736719 0.531951 0.059375 0.070628
0 0.775391 0.477018 0.046094 0.052691
0 0.807422 0.433857 0.047656 0.060538
0 0.833984 0.387332 0.039844 0.048206
0 0.753906 0.395179 0.048438 0.045964
0 0.718750 0.447870 0.064062 0.066143
0 0.628906 0.471413 0.064062 0.043722
0 0.572266 0.521300 0.063281 0.053812
0 0.522656 0.488789 0.065625 0.042601
0 0.579688 0.440583 0.056250 0.047085
0 0.629297 0.389574 0.058594 0.052691
0 0.671094 0.348655 0.048438 0.049327
0 0.712891 0.306614 0.046094 0.043722
0 0.763672 0.318946 0.039844 0.048206
0 0.803906 0.331839 0.039062 0.047085
0 0.829297 0.305493 0.032031 0.041480
0 0.781250 0.281390 0.032813 0.031390
0 0.767578 0.254484 0.038281 0.033632
0 0.795703 0.233184 0.032031 0.040359
0 0.821484 0.202354 0.030469 0.030269
0 0.890625 0.316704 0.032813 0.052691
0 0.907422 0.280269 0.030469 0.047085
0 0.851562 0.278027 0.029687 0.044843
0 0.931250 0.259529 0.028125 0.039238
0 0.911328 0.221413 0.017969 0.034753
0 0.891797 0.229260 0.019531 0.025785
0 0.861719 0.215247 0.023438 0.031390
0 0.951562 0.227578 0.021875 0.033632
0 0.936328 0.184978 0.024219 0.022422
0 0.907422 0.136771 0.024219 0.031390