0 0.106641 0.901389 0.202344 0.194444
0 0.521484 0.866667 0.125781 0.188889
0 0.377344 0.881250 0.181250 0.231944
0 0.397266 0.695139 0.102344 0.134722
0 0.893750 0.594444 0.106250 0.150000
2 0.585938 0.643750 0.240625 0.334722
0 0.722656 0.772917 0.131250 0.206944
0 0.165234 0.954167 0.172656 0.088889
0 0.223828 0.788889 0.244531 0.194444
0 0.748047 0.612500 0.096094 0.130556
0 0.626563 0.901389 0.157812 0.158333
0 0.281250 0.893056 0.107813 0.175000
0 0.263672 0.634722 0.077344 0.127778
0 0.475781 0.514583 0.100000 0.101389
0 0.818750 0.476389 0.125000 0.072222
0 0.830469 0.547222 0.079687 0.130556
0 0.902734 0.506944 0.086719 0.091667
0 0.689063 0.498611 0.060937 0.105556
1 0.098828 0.638889 0.021094 0.094444
1 0.383594 0.472222 0.031250 0.088889
1 0.473438 0.428472 0.026562 0.073611
1 0.314453 0.206944 0.013281 0.066667
1 0.608984 0.206250 0.010156 0.068056
1 0.621484 0.217361 0.013281 0.062500
1 0.804297 0.305556 0.017969 0.077778
1 0.899609 0.355556 0.014844 0.102778
1 0.885156 0.338194 0.010937 0.079167
1 0.863672 0.348611 0.014844 0.086111
1 0.848828 0.323611 0.011719 0.075000
1 0.832812 0.324306 0.018750 0.087500
1 0.576172 0.195833 0.011719 0.055556
0 0.974609 0.568056 0.044531 0.119444
0 0.428125 0.602083 0.114062 0.087500