0 0.508594 0.755517 0.251563 0.314750
0 0.392578 0.666086 0.117969 0.189315
0 0.841797 0.659117 0.221094 0.289199
0 0.667188 0.649826 0.117188 0.186992
0 0.587109 0.626597 0.080469 0.117305
0 0.337500 0.617886 0.025000 0.118467
0 0.514062 0.572590 0.078125 0.060395
0 0.465234 0.565621 0.046094 0.048780
2 0.104688 0.504065 0.051562 0.069686
1 0.012891 0.567944 0.017969 0.060395
0 0.039062 0.543554 0.040625 0.060395
0 0.257812 0.544135 0.020313 0.047619
0 0.213281 0.531940 0.020313 0.044135
0 0.194141 0.524390 0.019531 0.042973
0 0.169141 0.525552 0.025781 0.038328
0 0.131250 0.526132 0.023438 0.037166