0 0.058594 0.809496 0.087500 0.109027
0 0.935547 0.882181 0.122656 0.146542
0 0.760547 0.916764 0.128906 0.143025
0 0.791797 0.779015 0.083594 0.101993
0 0.906250 0.671161 0.082812 0.080891
0 0.240234 0.769050 0.080469 0.105510
0 0.337891 0.912661 0.110156 0.144197
0 0.797656 0.711606 0.089063 0.093787
0 0.349609 0.664713 0.072656 0.105510
0 0.271094 0.541618 0.053125 0.075029
0 0.571875 0.673505 0.071875 0.071512
0 0.687500 0.669402 0.071875 0.098476
0 0.230859 0.495311 0.042969 0.050410
0 0.109766 0.703400 0.071094 0.091442
0 0.049609 0.505275 0.050781 0.065651
0 0.744531 0.570926 0.051562 0.053927
0 0.705078 0.603165 0.055469 0.057444
0 0.618750 0.607855 0.060937 0.059789
0 0.573438 0.558617 0.051562 0.048066
0 0.532031 0.527550 0.042188 0.046893
0 0.569141 0.484174 0.046094 0.049238
0 0.662500 0.452521 0.037500 0.046893
0 0.688281 0.386870 0.026562 0.028136
0 0.483984 0.563892 0.042969 0.058617
0 0.523828 0.614302 0.061719 0.063306
0 0.463672 0.541032 0.039844 0.050410
0 0.396484 0.460141 0.028906 0.041032
0 0.428125 0.411489 0.031250 0.035170
0 0.516016 0.456038 0.033594 0.035170
0 0.194141 0.430246 0.028906 0.035170
0 0.037891 0.446659 0.038281 0.035170
0 0.120313 0.652403 0.059375 0.057444
0 0.241797 0.297773 0.028906 0.018757
0 0.209375 0.249707 0.021875 0.021102
0 0.207422 0.233880 0.021094 0.019930
0 0.245312 0.234467 0.017188 0.018757
0 0.277734 0.240914 0.022656 0.024619
0 0.737500 0.423212 0.035937 0.032825
0 0.486328 0.478898 0.024219 0.026964
0 0.505469 0.501172 0.032813 0.045721