1 0.223828 0.734467 0.110156 0.371630
0 0.524609 0.740914 0.263281 0.422040
0 0.315625 0.571512 0.156250 0.214537
0 0.116016 0.541032 0.171094 0.184056
0 0.899219 0.805979 0.200000 0.341149
0 0.597656 0.524619 0.109375 0.165299
0 0.256250 0.457210 0.078125 0.133646
0 0.164062 0.476553 0.132812 0.151231
2 0.787500 0.558030 0.207813 0.377491
0 0.692969 0.725674 0.125000 0.318875
0 0.503516 0.491208 0.108594 0.096131
0 0.414844 0.466589 0.028125 0.114889
0 0.332422 0.462485 0.105469 0.111372
0 0.147266 0.366940 0.080469 0.091442