0 0.819141 0.545082 0.230469 0.228337
0 0.086719 0.617096 0.150000 0.163934
1 0.361719 0.604215 0.082812 0.311475
0 0.481250 0.513466 0.045312 0.057377
0 0.174609 0.546253 0.091406 0.160422
0 0.228516 0.535129 0.060156 0.117096
0 0.285938 0.526347 0.048438 0.090164
0 0.011719 0.679742 0.020313 0.268150
0 0.671484 0.531030 0.072656 0.144028
0 0.544531 0.514052 0.053125 0.065574
0 0.506250 0.512295 0.026562 0.062061
1 0.611719 0.568501 0.071875 0.303279
1 0.423047 0.528689 0.041406 0.181499
1 0.396484 0.516393 0.011719 0.051522