0 0.239453 0.677778 0.136719 0.155556
0 0.710156 0.445139 0.043750 0.068056
0 0.314453 0.765972 0.149219 0.212500
0 0.175781 0.619444 0.146875 0.150000
0 0.742578 0.563889 0.075781 0.122222
0 0.487500 0.758333 0.107813 0.191667
0 0.545703 0.471528 0.050781 0.081944
0 0.493359 0.422917 0.049219 0.059722
0 0.865625 0.878472 0.187500 0.240278
0 0.586328 0.388889 0.046094 0.058333
0 0.640234 0.413889 0.044531 0.075000
0 0.643750 0.564583 0.062500 0.109722
0 0.116797 0.350000 0.066406 0.069444
0 0.654297 0.787500 0.089844 0.213889
0 0.453125 0.375694 0.050000 0.073611
0 0.523828 0.345833 0.032031 0.050000
0 0.496484 0.318750 0.028906 0.045833
0 0.501953 0.257639 0.019531 0.026389
0 0.522266 0.286806 0.025781 0.037500
0 0.551172 0.289583 0.024219 0.031944
0 0.579688 0.334028 0.023438 0.026389
0 0.633594 0.333333 0.026562 0.038889
0 0.693750 0.363194 0.034375 0.048611
0 0.688672 0.322917 0.025781 0.029167
0 0.683594 0.291667 0.023438 0.025000
0 0.640234 0.290972 0.025781 0.043056
0 0.649609 0.238889 0.021094 0.033333
0 0.168359 0.403472 0.063281 0.059722
0 0.037891 0.396528 0.067969 0.056944
0 0.034375 0.427778 0.059375 0.066667
0 0.048828 0.474306 0.082031 0.093056
0 0.288672 0.434028 0.044531 0.059722
0 0.702734 0.259028 0.021094 0.029167
0 0.679297 0.243750 0.017969 0.029167
0 0.585938 0.306250 0.025000 0.034722
0 0.566406 0.268750 0.020313 0.023611
0 0.566016 0.219444 0.014844 0.022222
0 0.537891 0.222917 0.014844 0.020833
0 0.610938 0.215972 0.015625 0.020833
2 0.385937 0.366667 0.176563 0.233333
2 0.267188 0.314583 0.045312 0.106944
2 0.217188 0.321528 0.065625 0.104167
2 0.425781 0.231250 0.065625 0.043056
2 0.482422 0.202083 0.044531 0.043056
2 0.575000 0.195139 0.017188 0.040278
2 0.553125 0.197222 0.018750 0.044444