0 0.359766 0.595114 0.130469 0.144491
0 0.094141 0.706861 0.167969 0.191268
0 0.446094 0.547817 0.106250 0.116424
0 0.225781 0.640852 0.165625 0.194387
0 0.750000 0.668399 0.153125 0.166320
0 0.861328 0.476091 0.092969 0.120582
0 0.831250 0.556653 0.103125 0.100832
0 0.516016 0.495322 0.091406 0.096674
0 0.702734 0.453222 0.088281 0.089397
0 0.268359 0.527547 0.096094 0.075884
0 0.356250 0.475572 0.078125 0.075884
0 0.413281 0.439189 0.079687 0.069647
0 0.519531 0.331081 0.067187 0.053015
0 0.539453 0.436071 0.088281 0.107069
0 0.600000 0.391372 0.064062 0.080042
0 0.628906 0.359148 0.059375 0.080042
0 0.558203 0.304574 0.042969 0.058212
0 0.797266 0.288462 0.067969 0.075884
0 0.651172 0.324844 0.061719 0.094595
0 0.580469 0.264553 0.050000 0.053015