0 0.387109 0.383333 0.097656 0.097917
0 0.097266 0.913542 0.157031 0.166667
0 0.382812 0.925000 0.140625 0.145833
0 0.307812 0.335938 0.067187 0.073958
0 0.585156 0.262500 0.056250 0.068750
0 0.408984 0.491667 0.074219 0.079167
0 0.394141 0.684375 0.100781 0.097917
0 0.701562 0.297396 0.064062 0.065625
0 0.323437 0.249479 0.064062 0.098958
0 0.599219 0.421354 0.068750 0.071875
0 0.382422 0.802083 0.139844 0.183333
0 0.505078 0.485938 0.852344 0.909375
0 0.385937 0.589063 0.114062 0.151042
0 0.588672 0.208333 0.072656 0.085417
0 0.439453 0.244792 0.067969 0.097917
0 0.629687 0.521875 0.085938 0.079167
0 0.619141 0.472917 0.083594 0.083333
0 0.757031 0.945312 0.134375 0.107292
0 0.581641 0.369792 0.063281 0.075000
0 0.711719 0.751563 0.128125 0.132292
0 0.728906 0.903125 0.140625 0.170833
0 0.627344 0.582292 0.087500 0.089583
0 0.675391 0.685417 0.127344 0.145833
0 0.689844 0.257292 0.062500 0.060417
0 0.441016 0.146875 0.058594 0.068750
0 0.436328 0.084375 0.049219 0.041667
0 0.349609 0.086458 0.042969 0.047917
0 0.375000 0.077604 0.025000 0.044792
0 0.566016 0.100000 0.049219 0.056250
0 0.571875 0.158854 0.056250 0.040625
0 0.651172 0.602604 0.096094 0.046875
0 0.675781 0.151042 0.062500 0.068750
0 0.661719 0.088542 0.051562 0.043750
0 0.636328 0.075000 0.022656 0.039583
1 0.102344 0.628125 0.043750 0.095833
1 0.185547 0.473958 0.024219 0.097917
1 0.162891 0.455729 0.021094 0.090625
1 0.894531 0.522396 0.028125 0.092708
1 0.789062 0.341146 0.014063 0.073958
1 0.788281 0.326562 0.015625 0.073958
1 0.804297 0.331250 0.014844 0.083333
1 0.818359 0.318229 0.016406 0.084375
1 0.320312 0.067187 0.015625 0.053125