0 0.698202 0.478149 0.172009 0.114824
0 0.403831 0.683376 0.139953 0.240788
0 0.258405 0.511997 0.138389 0.163668
0 0.490618 0.251500 0.064894 0.072836
0 0.695074 0.121251 0.032838 0.026564
0 0.752150 0.164953 0.043784 0.035133
0 0.768569 0.193231 0.043784 0.038560
0 0.673573 0.240360 0.049257 0.048843
0 0.659891 0.329477 0.086005 0.139674
0 0.711102 0.272065 0.053948 0.057412
0 0.477326 0.472579 0.103987 0.161954
1 0.612979 0.216367 0.020328 0.048843
0 0.750977 0.080977 0.027365 0.023136
0 0.763878 0.055270 0.025020 0.023136