0 0.194531 0.834511 0.178125 0.224971
0 0.833594 0.770907 0.181250 0.196702
0 0.164844 0.580094 0.115625 0.151943
0 0.144531 0.434629 0.081250 0.103651
0 0.887891 0.598351 0.127344 0.167256
0 0.666016 0.615430 0.102344 0.149588
0 0.730078 0.663722 0.147656 0.201413
0 0.949609 0.644287 0.099219 0.212014
0 0.080859 0.282686 0.061719 0.077739
0 0.924609 0.904005 0.149219 0.187279
0 0.135937 0.243227 0.054688 0.062426
2 0.601562 0.203180 0.115625 0.206125
0 0.019531 0.226148 0.039062 0.063604
0 0.327344 0.197880 0.051562 0.061249
2 0.939844 0.386926 0.117188 0.307420
0 0.634375 0.575972 0.101562 0.136631
0 0.472266 0.391048 0.066406 0.098940
2 0.788672 0.293875 0.124219 0.210836
2 0.841016 0.342167 0.103906 0.272085
0 0.622656 0.388693 0.062500 0.096584
0 0.126562 0.385159 0.075000 0.096584
0 0.674219 0.404005 0.082812 0.101296
0 0.582812 0.520024 0.107813 0.126031
0 0.460938 0.333333 0.070312 0.103651
0 0.144531 0.153121 0.050000 0.084806
0 0.698828 0.445819 0.061719 0.107185
0 0.541406 0.462898 0.090625 0.131920
0 0.119141 0.211425 0.057031 0.055359
0 0.944531 0.948763 0.093750 0.076561
0 0.591797 0.338634 0.071094 0.078916
0 0.494922 0.429329 0.027344 0.095406
0 0.011328 0.148410 0.019531 0.054181
0 0.294922 0.131920 0.025781 0.028269
0 0.366797 0.170200 0.021094 0.053004
2 0.687500 0.233804 0.089063 0.206125
2 0.525000 0.198469 0.039062 0.107185
2 0.499609 0.137809 0.072656 0.120141
2 0.447266 0.097173 0.050781 0.062426
2 0.364063 0.116019 0.065625 0.114252
2 0.060156 0.138987 0.057813 0.127208
2 0.098437 0.124264 0.031250 0.083628
4 0.428516 0.189635 0.096094 0.162544
4 0.465625 0.235571 0.065625 0.096584