0 0.339062 0.558099 0.125000 0.134977
0 0.444922 0.825704 0.161719 0.235915
0 0.473047 0.615023 0.121094 0.185446
4 0.851562 0.330399 0.114062 0.186620
0 0.102344 0.894953 0.187500 0.198357
0 0.654297 0.289906 0.071094 0.093897
0 0.487109 0.466549 0.102344 0.158451
2 0.748437 0.686033 0.220312 0.512911
0 0.189453 0.702465 0.139844 0.207746
0 0.943359 0.577465 0.107031 0.133803
0 0.293750 0.465962 0.098437 0.115023
0 0.247656 0.637911 0.104688 0.149061
4 0.729688 0.134390 0.057813 0.083333
0 0.234375 0.321596 0.068750 0.082160
0 0.119141 0.492371 0.099219 0.134977
0 0.972266 0.718897 0.053906 0.153756
0 0.131641 0.441315 0.089844 0.110329
0 0.798047 0.252347 0.053906 0.093897
0 0.784375 0.197183 0.040625 0.042254
0 0.655078 0.209507 0.049219 0.055164
0 0.311719 0.409038 0.082812 0.106808
0 0.338281 0.376174 0.076563 0.118545
0 0.365625 0.346831 0.068750 0.104460
0 0.395703 0.297535 0.057031 0.078638
0 0.418359 0.251761 0.050781 0.071596
0 0.272266 0.270540 0.052344 0.055164
0 0.295312 0.261150 0.051562 0.066901
0 0.311719 0.244131 0.045312 0.056338
0 0.317578 0.218310 0.046094 0.061033
0 0.332031 0.196009 0.054688 0.061033
0 0.375391 0.184859 0.035156 0.052817
0 0.188672 0.348005 0.077344 0.073944
0 0.188281 0.408451 0.076563 0.091549
0 0.043359 0.557512 0.082031 0.138498
0 0.441797 0.120305 0.035156 0.050469
0 0.552344 0.191315 0.056250 0.061033
0 0.542969 0.234155 0.064062 0.076291
0 0.657031 0.168427 0.043750 0.055164
0 0.633594 0.156690 0.029687 0.045775
0 0.483203 0.157864 0.042969 0.059859
0 0.475781 0.181925 0.035937 0.049296
0 0.444531 0.200117 0.075000 0.055164
0 0.469531 0.093310 0.026562 0.034038
2 0.571094 0.102700 0.051562 0.116197
2 0.507031 0.316315 0.106250 0.158451
0 0.389453 0.126174 0.036719 0.041080
0 0.509375 0.123826 0.023438 0.034038
0 0.670703 0.090376 0.022656 0.025822