0 0.311328 0.668130 0.133594 0.161857
0 0.851562 0.863864 0.151562 0.207026
0 0.201953 0.814931 0.169531 0.242158
0 0.154688 0.566499 0.140625 0.179423
0 0.037500 0.498118 0.075000 0.132999
0 0.063672 0.663739 0.124219 0.175659
0 0.371875 0.602258 0.087500 0.127980
0 0.407813 0.562735 0.093750 0.141782
0 0.222656 0.505019 0.090625 0.149310
4 0.302344 0.349435 0.157812 0.314931
0 0.095312 0.424718 0.103125 0.141782
0 0.291406 0.450439 0.082812 0.097867
0 0.270703 0.477415 0.028906 0.104141
0 0.210938 0.544542 0.023438 0.143036
0 0.167578 0.409034 0.047656 0.077792
0 0.187891 0.371393 0.052344 0.057716
0 0.429688 0.482434 0.107813 0.176913
0 0.506641 0.464868 0.049219 0.124216
0 0.518750 0.420326 0.067187 0.100376
0 0.541406 0.390841 0.064062 0.106650
0 0.577344 0.353199 0.079687 0.106650
0 0.632422 0.318068 0.052344 0.084065
0 0.672266 0.289210 0.022656 0.084065
0 0.669922 0.274153 0.071094 0.104141
0 0.713672 0.274153 0.027344 0.079046
0 0.530469 0.269762 0.053125 0.067754
0 0.566797 0.252196 0.050781 0.052698
0 0.746094 0.199498 0.076563 0.143036
0 0.803516 0.198243 0.028906 0.092848
0 0.822266 0.204517 0.022656 0.067754
0 0.833984 0.173149 0.044531 0.095358
0 0.861719 0.156838 0.039062 0.080301
0 0.888281 0.161230 0.026562 0.058971
0 0.583203 0.141154 0.053906 0.061481
0 0.682422 0.193225 0.049219 0.060226
0 0.636719 0.181932 0.043750 0.042660
0 0.585938 0.222083 0.065625 0.080301
0 0.921484 0.136763 0.052344 0.087829
2 0.209766 0.242158 0.138281 0.258469
2 0.385937 0.241531 0.190625 0.239649
2 0.726172 0.116060 0.089844 0.207026
2 0.645703 0.098494 0.075781 0.174404