0 0.434766 0.661782 0.150781 0.169988
0 0.702344 0.686401 0.242188 0.343494
0 0.137109 0.640680 0.197656 0.202814
0 0.316797 0.605510 0.107031 0.148886
0 0.512109 0.615475 0.058594 0.077374
0 0.241406 0.582649 0.068750 0.082063
0 0.460547 0.555100 0.038281 0.048066
0 0.520703 0.553341 0.038281 0.056272
0 0.556641 0.561547 0.030469 0.035170
0 0.575391 0.589683 0.025781 0.053927
2 0.635156 0.545721 0.110937 0.181712
2 0.389062 0.525205 0.092188 0.166471
2 0.481250 0.525791 0.037500 0.078546
2 0.310156 0.514654 0.042188 0.056272
0 0.035156 0.778429 0.057813 0.419695