0 0.434375 0.665812 0.159375 0.251282
0 0.139453 0.629060 0.207031 0.300855
0 0.316797 0.581197 0.107031 0.208547
0 0.701953 0.700855 0.236719 0.488889
0 0.512500 0.590598 0.067187 0.128205
2 0.385547 0.452991 0.092969 0.225641
0 0.240625 0.541026 0.065625 0.104274
0 0.560937 0.541026 0.048438 0.094017
0 0.458594 0.502564 0.031250 0.044444
0 0.033594 0.820513 0.062500 0.355556
0 0.523438 0.502564 0.035937 0.061538
2 0.636328 0.484615 0.110156 0.251282
2 0.477344 0.463248 0.045312 0.099145
2 0.309766 0.443590 0.041406 0.076923