0 0.555469 0.839578 0.101562 0.121780
0 0.440625 0.669204 0.076563 0.083138
0 0.441797 0.417447 0.049219 0.048009
0 0.558203 0.754098 0.139844 0.135831
1 0.433203 0.538056 0.021094 0.062061
0 0.527734 0.570843 0.052344 0.071429
0 0.587109 0.579625 0.078906 0.114754
0 0.508203 0.509953 0.092969 0.085480
0 0.573047 0.442037 0.050781 0.059719
0 0.555859 0.412763 0.041406 0.064403
0 0.544531 0.363583 0.035937 0.048009
0 0.523047 0.236534 0.046094 0.093677
0 0.457422 0.286885 0.038281 0.046838
0 0.216016 0.708431 0.163281 0.105386
0 0.232422 0.347775 0.086719 0.063232
0 0.330078 0.245902 0.041406 0.063232
0 0.270703 0.101288 0.035156 0.040984
0 0.575781 0.071429 0.039062 0.030445
0 0.555078 0.128806 0.071094 0.030445
0 0.555859 0.163934 0.036719 0.042155
0 0.581250 0.329625 0.043750 0.038642
0 0.488281 0.323185 0.042188 0.037471
0 0.505469 0.353044 0.046875 0.052693
0 0.433594 0.362412 0.042188 0.033958
0 0.450000 0.386417 0.045312 0.044496
0 0.420312 0.336651 0.040625 0.040984
0 0.439844 0.313817 0.034375 0.053864
1 0.157422 0.634660 0.030469 0.110070
1 0.183984 0.693794 0.025781 0.094848
1 0.126172 0.704918 0.024219 0.058548
1 0.490625 0.579625 0.020313 0.067916
1 0.535547 0.503513 0.024219 0.060890
1 0.525781 0.402810 0.015625 0.058548
1 0.500781 0.387588 0.014063 0.074941