0 0.124219 0.616997 0.248438 0.235157
0 0.672656 0.532014 0.140625 0.139697
0 0.150391 0.457509 0.141406 0.111758
0 0.320703 0.750873 0.396094 0.370198
0 0.314844 0.534924 0.185938 0.091967
2 0.675391 0.365541 0.103906 0.167637
0 0.320312 0.415017 0.075000 0.068685
0 0.765625 0.432480 0.101562 0.143190
0 0.444922 0.455180 0.175781 0.109430
0 0.539062 0.343423 0.050000 0.053551
0 0.373828 0.440629 0.125781 0.091967
0 0.916797 0.297439 0.039844 0.038417
0 0.604688 0.330035 0.043750 0.052386
0 0.772266 0.333527 0.085156 0.064028