0 0.876172 0.816975 0.108594 0.118938
0 0.676953 0.679561 0.067969 0.077367
0 0.885547 0.713626 0.078906 0.094688
0 0.692187 0.575058 0.064062 0.080831
0 0.584375 0.601617 0.068750 0.069284
0 0.504687 0.520785 0.048438 0.064665
0 0.594922 0.518476 0.050781 0.050808
0 0.600781 0.438222 0.040625 0.047344
0 0.537109 0.403580 0.038281 0.047344
0 0.368750 0.600462 0.059375 0.062356
2 0.574219 0.784642 0.217188 0.239030
2 0.310547 0.692841 0.192969 0.161663
2 0.199219 0.639145 0.114062 0.195150
2 0.093359 0.598152 0.100781 0.187067
0 0.478516 0.466513 0.046094 0.048499
0 0.466406 0.381640 0.035937 0.038106
0 0.481250 0.324480 0.029687 0.032333
0 0.530859 0.368938 0.033594 0.028868
0 0.596484 0.375866 0.033594 0.028868
0 0.625391 0.486721 0.041406 0.054273
0 0.589844 0.277136 0.032813 0.032333
0 0.537891 0.244226 0.024219 0.028868
0 0.505078 0.245958 0.021094 0.025404
0 0.500781 0.264434 0.025000 0.025404
0 0.492578 0.297921 0.024219 0.036952
0 0.523438 0.323326 0.029687 0.027714
0 0.282031 0.618938 0.054688 0.062356
0 0.267969 0.560624 0.051562 0.063510
0 0.239453 0.523095 0.058594 0.066975
0 0.241406 0.475751 0.040625 0.036952
0 0.169141 0.489030 0.046094 0.063510
0 0.187500 0.448037 0.037500 0.036952
0 0.202734 0.422055 0.038281 0.047344
0 0.219922 0.407044 0.030469 0.045035
0 0.228516 0.383949 0.032031 0.049654
0 0.265625 0.351039 0.029687 0.039261
0 0.265234 0.434758 0.041406 0.056582
0 0.282031 0.401848 0.031250 0.046189
0 0.310156 0.371824 0.028125 0.036952
0 0.333594 0.424942 0.040625 0.048499
0 0.324219 0.460162 0.037500 0.031178
0 0.324609 0.505774 0.050781 0.046189
0 0.324609 0.545612 0.047656 0.054273
0 0.334766 0.566975 0.041406 0.062356
0 0.568359 0.196882 0.022656 0.035797
0 0.358594 0.389145 0.028125 0.034642
0 0.345703 0.407044 0.028906 0.040416
0 0.373828 0.363741 0.028906 0.034642
0 0.381641 0.341801 0.022656 0.027714
0 0.403906 0.306582 0.023438 0.031178
0 0.415234 0.282333 0.022656 0.028868
0 0.320703 0.357968 0.025781 0.032333
0 0.279297 0.336028 0.025781 0.036952
0 0.369141 0.295612 0.013281 0.039261
0 0.344922 0.316397 0.030469 0.023095
0 0.427344 0.249423 0.023438 0.027714
2 0.431250 0.179561 0.020313 0.054273
2 0.381250 0.182448 0.026562 0.050808