0 0.876563 0.792978 0.223438 0.261501
0 0.157031 0.828692 0.268750 0.330508
0 0.374219 0.645884 0.129688 0.177966
0 0.759375 0.585956 0.126562 0.179177
0 0.413281 0.585351 0.120313 0.151332
0 0.728516 0.493341 0.086719 0.090799
0 0.553516 0.413438 0.052344 0.073850
0 0.794531 0.678571 0.148438 0.216707
0 0.474219 0.527240 0.071875 0.105327
0 0.521484 0.433414 0.063281 0.067797
0 0.289844 0.710048 0.165625 0.223971
0 0.504687 0.487893 0.079687 0.106538
0 0.566797 0.360169 0.046094 0.056901
0 0.702344 0.421913 0.079687 0.098063
0 0.579297 0.323245 0.039844 0.038741
0 0.595703 0.306901 0.028906 0.044794
0 0.601953 0.271792 0.028906 0.039952
0 0.710156 0.291162 0.028125 0.037530
0 0.669531 0.326877 0.017188 0.033898
0 0.698438 0.343220 0.034375 0.035109
1 0.254297 0.500000 0.025781 0.113801
0 0.790625 0.383777 0.078125 0.121065