0 0.212500 0.557639 0.117188 0.131944
0 0.469531 0.463889 0.073438 0.094444
0 0.423047 0.404167 0.063281 0.088889
0 0.568750 0.363194 0.054688 0.076389
0 0.319531 0.600694 0.112500 0.151389
0 0.052344 0.886806 0.104688 0.223611
0 0.511328 0.336111 0.044531 0.069444
0 0.610547 0.314583 0.044531 0.065278
0 0.024219 0.219444 0.040625 0.033333
0 0.402344 0.195833 0.032813 0.025000
0 0.492969 0.192361 0.026562 0.023611
0 0.571094 0.178472 0.028125 0.029167
0 0.613281 0.177083 0.018750 0.023611
0 0.635156 0.238889 0.020313 0.041667
0 0.597656 0.263889 0.029687 0.027778
0 0.570703 0.300000 0.039844 0.044444
0 0.693359 0.234722 0.017969 0.047222
0 0.722656 0.209028 0.020313 0.029167
0 0.717187 0.181944 0.015625 0.025000
0 0.696094 0.197917 0.020313 0.026389
0 0.742188 0.187500 0.015625 0.025000
0 0.739453 0.160417 0.010156 0.015278
0 0.753906 0.176389 0.015625 0.022222
2 0.666406 0.249306 0.042188 0.073611