0 0.678516 0.729299 0.232031 0.327389
0 0.395313 0.642675 0.143750 0.192357
0 0.525000 0.578344 0.085938 0.107006
4 0.444531 0.329299 0.076563 0.128662
0 0.418359 0.494268 0.061719 0.081529
4 0.532422 0.345860 0.088281 0.164331
0 0.092188 0.594904 0.140625 0.198726
0 0.219922 0.505732 0.083594 0.129936
0 0.639844 0.518471 0.082812 0.094268
0 0.485938 0.507643 0.079687 0.103185
0 0.299609 0.297452 0.111719 0.077707
0 0.159375 0.553503 0.103125 0.149045
0 0.125391 0.430573 0.096094 0.068790
0 0.099219 0.442675 0.109375 0.062420
0 0.168359 0.391083 0.089844 0.068790
0 0.201172 0.371338 0.082031 0.067516
0 0.230859 0.359873 0.067969 0.057325
0 0.601953 0.257325 0.041406 0.045860
0 0.574609 0.232484 0.032031 0.042038
0 0.490234 0.234395 0.039844 0.045860
0 0.508594 0.208280 0.031250 0.049682
0 0.617969 0.435032 0.134375 0.098089
0 0.638281 0.464331 0.075000 0.054777