0 0.145703 0.851003 0.138281 0.232092
0 0.146094 0.594556 0.109375 0.151862
0 0.841016 0.574499 0.102344 0.171920
0 0.587500 0.573066 0.084375 0.120344
0 0.746484 0.775072 0.122656 0.200573
0 0.307422 0.601719 0.100781 0.151862
0 0.463672 0.338825 0.061719 0.090258
0 0.632812 0.416905 0.073438 0.128940
0 0.542188 0.810888 0.131250 0.240688
0 0.516016 0.245702 0.049219 0.073066
0 0.329688 0.380372 0.067187 0.095989
0 0.082812 0.381089 0.054688 0.091691
0 0.373828 0.476361 0.080469 0.138968
0 0.478125 0.290115 0.057813 0.073066
0 0.401172 0.426218 0.069531 0.101719
0 0.266016 0.459885 0.077344 0.126074
0 0.349219 0.290831 0.056250 0.097421
0 0.185156 0.423352 0.092188 0.144699
2 0.776953 0.133954 0.049219 0.104585
2 0.752344 0.410458 0.104688 0.253582
2 0.748047 0.247135 0.089844 0.081662
2 0.565625 0.058023 0.034375 0.067335
0 0.429688 0.237106 0.057813 0.098854
0 0.462891 0.225645 0.019531 0.061605
0 0.558203 0.177650 0.035156 0.054441
0 0.503516 0.154011 0.033594 0.050143
0 0.532813 0.134670 0.026562 0.034384
0 0.576562 0.140401 0.031250 0.037249
0 0.677734 0.140401 0.033594 0.051576
0 0.110937 0.345272 0.046875 0.068768
0 0.734375 0.116046 0.032813 0.048711
0 0.717187 0.159742 0.031250 0.038682
0 0.738281 0.181948 0.035937 0.037249
0 0.918750 0.114613 0.043750 0.060172
0 0.141016 0.317335 0.046094 0.067335
0 0.603516 0.072350 0.027344 0.044413