0 0.489844 0.813090 0.392188 0.371462
0 0.248047 0.636203 0.124219 0.109670
0 0.691797 0.568986 0.113281 0.173349
1 0.923047 0.668042 0.152344 0.623821
0 0.380469 0.602005 0.129688 0.100236
0 0.734766 0.487618 0.066406 0.076651
0 0.266016 0.566627 0.105469 0.086085
0 0.458203 0.557783 0.088281 0.070755
0 0.123047 0.747642 0.246094 0.191038
0 0.388281 0.850236 0.476562 0.294811
0 0.574609 0.520637 0.108594 0.086085
0 0.596094 0.607901 0.187500 0.114387
4 0.362500 0.481132 0.135937 0.141509
0 0.196484 0.468160 0.074219 0.143868
0 0.387891 0.597288 0.117969 0.090802
1 0.844922 0.448703 0.022656 0.114387
1 0.784375 0.449882 0.010937 0.036557
1 0.251953 0.470519 0.008594 0.051887
1 0.283594 0.494104 0.014063 0.040094
1 0.686328 0.419811 0.010156 0.040094
1 0.698828 0.419222 0.010156 0.036557
1 0.658203 0.427476 0.010156 0.027123
2 0.558984 0.426297 0.052344 0.055425