1 0.437891 0.558414 0.135156 0.376912
0 0.637500 0.505563 0.203125 0.290682
1 0.247656 0.397775 0.048438 0.133519
0 0.892188 0.707232 0.214062 0.560501
0 0.358203 0.404033 0.086719 0.132128
0 0.541016 0.414465 0.052344 0.108484
0 0.794922 0.586231 0.244531 0.363004
0 0.483203 0.361613 0.077344 0.094576
0 0.382422 0.334492 0.046094 0.043115
0 0.256250 0.362309 0.078125 0.104312
1 0.937891 0.391516 0.041406 0.073713
1 0.147656 0.326147 0.025000 0.054242
0 0.066797 0.468707 0.108594 0.261474
0 0.133203 0.461752 0.077344 0.191933
0 0.176563 0.455494 0.054688 0.168289