0 0.243359 0.756944 0.238281 0.344444
0 0.064453 0.650694 0.105469 0.123611
0 0.388281 0.647222 0.112500 0.141667
0 0.302734 0.486806 0.036719 0.054167
0 0.530469 0.654861 0.089063 0.087500
0 0.663672 0.646528 0.077344 0.123611
0 0.721094 0.636111 0.045312 0.072222
0 0.480859 0.432639 0.030469 0.045833
0 0.693750 0.473611 0.035937 0.044444
0 0.590234 0.634028 0.053906 0.090278
0 0.348438 0.447222 0.031250 0.036111
0 0.361719 0.479167 0.039062 0.044444
0 0.358984 0.538889 0.041406 0.061111
0 0.634766 0.611111 0.021094 0.044444
0 0.748047 0.509028 0.035156 0.045833
0 0.780859 0.426389 0.028906 0.041667
0 0.646484 0.456250 0.033594 0.040278
0 0.654297 0.432639 0.028906 0.034722
4 0.196875 0.536111 0.062500 0.088889