3 0.720703 0.511350 0.232031 0.497013
0 0.055859 0.697133 0.111719 0.249701
0 0.146484 0.686977 0.077344 0.172043
0 0.055078 0.720430 0.072656 0.200717
0 0.122266 0.703106 0.047656 0.173238
0 0.187891 0.666069 0.033594 0.156511
0 0.212891 0.670251 0.016406 0.136201
0 0.226562 0.664277 0.021875 0.160096
0 0.255859 0.660096 0.027344 0.139785
0 0.280859 0.643967 0.021094 0.107527
0 0.294531 0.636798 0.023438 0.086022
0 0.498437 0.597969 0.117188 0.216249
1 0.911328 0.632616 0.035156 0.204301
1 0.887109 0.639785 0.038281 0.185185