0 0.332813 0.869855 0.098437 0.107748
0 0.945312 0.671913 0.054688 0.070218
0 0.900000 0.624092 0.045312 0.061743
0 0.946094 0.639831 0.056250 0.061743
0 0.414062 0.665860 0.056250 0.065375
0 0.337500 0.712470 0.064062 0.076271
0 0.868359 0.604116 0.025781 0.060533
0 0.838281 0.567191 0.029687 0.039952
0 0.916797 0.575666 0.019531 0.037530
0 0.878125 0.555690 0.026562 0.031477
0 0.889453 0.572639 0.016406 0.021792
0 0.950781 0.565981 0.025000 0.032688
0 0.950781 0.612591 0.043750 0.048426
0 0.798047 0.495157 0.030469 0.024213
0 0.801172 0.508475 0.017969 0.029056
0 0.819922 0.556295 0.017969 0.037530
0 0.576172 0.496368 0.021094 0.029056
0 0.981250 0.639225 0.023438 0.062954