0 0.560547 0.938802 0.067969 0.085938
0 0.188672 0.811849 0.050781 0.071615
0 0.969922 0.931641 0.053906 0.058594
0 0.923828 0.877604 0.060156 0.075521
0 0.392188 0.683594 0.042188 0.049479
0 0.023438 0.812500 0.043750 0.080729
0 0.042188 0.754557 0.039062 0.058594
0 0.090234 0.709635 0.046094 0.052083
0 0.139453 0.740885 0.033594 0.054688
0 0.170313 0.692057 0.035937 0.048177
0 0.106641 0.649089 0.035156 0.042969
0 0.130469 0.598307 0.031250 0.035156
0 0.187500 0.602214 0.032813 0.042969
0 0.168359 0.546875 0.025781 0.031250