0 0.505859 0.858586 0.116406 0.123457
0 0.223438 0.848485 0.100000 0.098765
0 0.285156 0.835017 0.076563 0.085297
0 0.090234 0.840629 0.144531 0.166105
0 0.688672 0.820988 0.052344 0.077441
0 0.626953 0.832211 0.097656 0.115600
0 0.426563 0.838945 0.079687 0.088664
0 0.770703 0.804153 0.052344 0.052750
0 0.330859 0.824355 0.074219 0.097643
0 0.178906 0.803591 0.059375 0.069585
0 0.582422 0.829966 0.025781 0.104377
0 0.718359 0.802469 0.035156 0.074074
0 0.557813 0.806397 0.031250 0.061728
0 0.380469 0.823232 0.040625 0.086420