0 0.149335 0.656552 0.187647 0.110097
0 0.814308 0.864930 0.266615 0.174544
0 0.340109 0.914876 0.320563 0.168099
0 0.753323 0.647154 0.168100 0.105263
0 0.295152 0.526853 0.129007 0.075188
0 0.456607 0.681794 0.184519 0.155209
0 0.042611 0.733351 0.085223 0.132653
0 0.474590 0.546724 0.117279 0.074114
0 0.947224 0.426692 0.083659 0.046724
0 0.700938 0.548335 0.129007 0.099893
0 0.123925 0.550483 0.138389 0.102041
0 0.401876 0.630236 0.132916 0.092911
0 0.030884 0.600161 0.061767 0.104726
0 0.506646 0.498926 0.101642 0.064447
0 0.037920 0.520408 0.069586 0.069817
0 0.086005 0.473953 0.093823 0.043502
0 0.353401 0.460526 0.095387 0.066058
0 0.675137 0.477175 0.100860 0.040279
0 0.654418 0.440387 0.082877 0.038668
0 0.499609 0.450322 0.084441 0.042427
0 0.522283 0.428303 0.071931 0.046724
0 0.408522 0.396885 0.075841 0.042965
0 0.546912 0.400913 0.069586 0.039205
0 0.518374 0.378894 0.067240 0.049946
0 0.660672 0.411923 0.075059 0.041890
0 0.649335 0.381310 0.064894 0.026853
0 0.433933 0.370301 0.064113 0.033835
0 0.858874 0.374060 0.063331 0.043502
0 0.809226 0.324651 0.051603 0.027390
0 0.949570 0.357680 0.057076 0.038668
0 0.810790 0.292427 0.042220 0.025242
0 0.883894 0.266112 0.066458 0.052095
0 0.784988 0.282223 0.042220 0.025242
0 0.754105 0.267454 0.039875 0.019334
0 0.640735 0.350967 0.053948 0.020945
0 0.473417 0.315252 0.052385 0.029001
0 0.654418 0.336735 0.048475 0.026853
0 0.450743 0.333781 0.050821 0.024168
0 0.443315 0.350161 0.056294 0.023631
0 0.544566 0.345865 0.049257 0.021482
0 0.557858 0.334586 0.050821 0.023631
0 0.556294 0.304511 0.046130 0.020408
0 0.051994 0.406821 0.082095 0.048872
0 0.042611 0.432868 0.071149 0.038668
1 0.121188 0.440655 0.032838 0.052095