3 0.625000 0.687735 0.135937 0.259074
3 0.722266 0.716521 0.039844 0.073842
1 0.046094 0.767835 0.031250 0.101377
1 0.316797 0.750939 0.010156 0.065081
1 0.330469 0.749061 0.010937 0.058824
1 0.366797 0.746558 0.013281 0.063830
1 0.482031 0.737171 0.010937 0.055069
1 0.496484 0.735920 0.008594 0.040050
1 0.525781 0.735920 0.009375 0.037547
1 0.851953 0.790363 0.036719 0.204005
1 0.822266 0.766583 0.019531 0.143930
1 0.803125 0.745932 0.014063 0.075094
1 0.783984 0.745932 0.014844 0.075094
1 0.883203 0.762829 0.021094 0.098874
5 0.481641 0.750939 0.017969 0.030038
5 0.496484 0.750313 0.014844 0.028786
5 0.526953 0.750939 0.019531 0.020025