0 0.513281 0.893377 0.093750 0.120530
0 0.300781 0.656291 0.048438 0.067550
0 0.925000 0.694702 0.078125 0.067550
0 0.202734 0.668874 0.052344 0.063576
0 0.158984 0.596689 0.039844 0.054305
3 0.205859 0.840397 0.128906 0.266225
0 0.356250 0.882781 0.084375 0.117881
0 0.723437 0.601987 0.035937 0.046358
0 0.133594 0.556954 0.029687 0.046358
0 0.111719 0.523841 0.026562 0.038411
0 0.088672 0.478146 0.021094 0.029139
3 0.619922 0.563576 0.100781 0.133775
4 0.203125 0.535762 0.046875 0.086093
4 0.147656 0.480132 0.034375 0.056954
0 0.794141 0.549669 0.052344 0.058278
0 0.682813 0.571523 0.028125 0.051656