0 0.242944 0.758961 0.237903 0.349462
0 0.064516 0.649642 0.104839 0.123656
0 0.530242 0.655018 0.088710 0.087814
0 0.302419 0.487455 0.036290 0.053763
0 0.662802 0.646057 0.077621 0.123656
0 0.480847 0.431900 0.030242 0.046595
0 0.694052 0.473118 0.035282 0.043011
0 0.358367 0.529570 0.039315 0.055556
0 0.358871 0.477599 0.036290 0.051971
0 0.345766 0.452509 0.028226 0.041219
0 0.655746 0.433692 0.029234 0.035842
0 0.647177 0.456989 0.030242 0.039427
0 0.748992 0.507168 0.036290 0.043011
0 0.780242 0.424731 0.030242 0.039427
0 0.591734 0.631720 0.060484 0.091398
0 0.637601 0.606631 0.021169 0.037634
0 0.720262 0.636201 0.053427 0.082437
0 0.391129 0.666667 0.116935 0.168459
4 0.194556 0.534946 0.058468 0.098566