0 0.410556 0.864393 0.056667 0.071547
0 0.697778 0.907654 0.066667 0.074875
0 0.282222 0.942596 0.068889 0.084859
3 0.221667 0.816972 0.103333 0.163062
3 0.728333 0.752080 0.081111 0.139767
0 0.428889 0.752080 0.042222 0.053245
0 0.580556 0.796173 0.047778 0.058236
0 0.324444 0.856073 0.060000 0.074875
0 0.331111 0.813644 0.053333 0.059900
0 0.395556 0.980033 0.066667 0.036606
0 0.613889 0.838602 0.052222 0.063228
3 0.865000 0.940100 0.098889 0.116473
0 0.585556 0.891015 0.060000 0.071547
0 0.369444 0.733777 0.038889 0.049917
0 0.599444 0.841098 0.081111 0.124792
0 0.658333 0.801165 0.038889 0.058236
0 0.643889 0.775374 0.041111 0.049917
0 0.604444 0.750416 0.031111 0.046589
0 0.631667 0.728785 0.030000 0.029950
0 0.443889 0.710483 0.032222 0.039933
0 0.379444 0.707155 0.027778 0.036606
0 0.393889 0.695507 0.023333 0.039933
0 0.400000 0.683860 0.024444 0.036606
0 0.410556 0.670549 0.016667 0.039933
0 0.454444 0.689684 0.031111 0.044925
0 0.527778 0.662230 0.022222 0.029950
0 0.605556 0.700499 0.024444 0.033278
3 0.703889 0.712978 0.061111 0.121464
3 0.572222 0.652246 0.028889 0.046589
0 0.558333 0.735441 0.036667 0.043261
0 0.552222 0.709651 0.031111 0.031614
0 0.547778 0.686356 0.028889 0.028286
0 0.595000 0.680532 0.023333 0.033278