0 0.064597 0.686515 0.129195 0.077058
0 0.234899 0.743433 0.251678 0.085814
0 0.651007 0.943958 0.154362 0.105079
0 0.101510 0.956217 0.196309 0.084063
0 0.450503 0.938704 0.156040 0.119089
0 0.164430 0.637478 0.067114 0.059545
0 0.329698 0.958844 0.189597 0.078809
0 0.261745 0.637478 0.070470 0.063047
0 0.422819 0.826620 0.107383 0.108581
3 0.962248 0.763573 0.072148 0.203152
0 0.697987 0.928196 0.127517 0.115587
0 0.833054 0.810858 0.105705 0.101576
0 0.794463 0.860771 0.102349 0.106830
0 0.478188 0.928196 0.144295 0.126095
0 0.437081 0.659370 0.078859 0.082312
0 0.591443 0.847636 0.125839 0.101576
0 0.675336 0.554291 0.055369 0.050788
0 0.903523 0.951839 0.142617 0.092820
0 0.363255 0.634851 0.075503 0.068301
0 0.753356 0.891419 0.107383 0.115587
2 0.778523 0.723292 0.057047 0.059545
1 0.239094 0.654116 0.018456 0.061296
5 0.239094 0.679510 0.031879 0.042032
1 0.458893 0.675131 0.015101 0.103327
1 0.530201 0.664623 0.023490 0.064799
1 0.770134 0.711033 0.020134 0.098074
1 0.900168 0.705779 0.021812 0.077058
2 0.901007 0.724168 0.046980 0.068301
0 0.208893 0.615587 0.045302 0.061296
0 0.326342 0.549037 0.041946 0.036778
0 0.379195 0.538529 0.043624 0.033275
0 0.401846 0.584063 0.058725 0.040280
0 0.434564 0.508757 0.033557 0.033275
0 0.484899 0.542032 0.043624 0.033275
0 0.494966 0.577058 0.050336 0.043783
0 0.491611 0.626095 0.046980 0.043783
0 0.562919 0.663748 0.132550 0.073555
0 0.552013 0.730298 0.090604 0.066550
0 0.519295 0.770578 0.085570 0.077058
0 0.687919 0.781961 0.093960 0.082312
0 0.647651 0.809107 0.100671 0.077058
0 0.837248 0.668126 0.137584 0.064799
0 0.838087 0.619965 0.072148 0.042032
0 0.776007 0.570928 0.045302 0.042032
0 0.743289 0.551664 0.026846 0.045534
0 0.573826 0.534151 0.036913 0.038529
0 0.637584 0.543783 0.036913 0.043783
0 0.177013 0.521016 0.035235 0.040280
3 0.216443 0.485989 0.050336 0.071804
0 0.565436 0.598074 0.067114 0.057793