0 0.799793 0.854864 0.130705 0.137161
0 0.605809 0.878788 0.112033 0.133971
0 0.606328 0.718501 0.088174 0.103668
0 0.723029 0.775120 0.099585 0.118022
0 0.507261 0.964912 0.141079 0.063796
0 0.465768 0.630781 0.070539 0.074960
0 0.965249 0.625199 0.067427 0.133971
0 0.853734 0.660287 0.087137 0.095694
0 0.977178 0.709729 0.043568 0.118022
0 0.803942 0.627592 0.070539 0.084530
0 0.408195 0.697767 0.052905 0.081340
0 0.913900 0.609250 0.060166 0.095694
0 0.725104 0.595694 0.064315 0.087719
0 0.223029 0.680223 0.070539 0.087719
0 0.386411 0.543062 0.057054 0.052632
0 0.420124 0.574163 0.053942 0.070175
0 0.453838 0.586124 0.059129 0.046252
0 0.354772 0.474482 0.037344 0.030303
0 0.355809 0.509569 0.039419 0.043062
0 0.647303 0.506380 0.070539 0.087719
0 0.654564 0.556619 0.070539 0.066986
0 0.604772 0.526316 0.022822 0.070175
0 0.583506 0.517544 0.019710 0.065391
0 0.564834 0.512759 0.021784 0.062201
0 0.535788 0.479266 0.023859 0.049442
0 0.549274 0.481659 0.013485 0.051037
0 0.754668 0.611643 0.038382 0.078150
0 0.863589 0.558214 0.075726 0.111643
0 0.810166 0.555821 0.029046 0.065391
0 0.778527 0.541467 0.044606 0.074960
0 0.738589 0.529506 0.033195 0.066986
0 0.710581 0.524721 0.037344 0.057416
0 0.688278 0.509569 0.025934 0.055821
4 0.329876 0.755981 0.182573 0.379585
4 0.163900 0.534290 0.097510 0.232855
4 0.288382 0.500000 0.095436 0.180223
4 0.601141 0.413078 0.042531 0.105263
4 0.642116 0.399522 0.014523 0.094099
4 0.669087 0.407496 0.041494 0.129187
4 0.720954 0.405901 0.066390 0.151515
4 0.770228 0.438596 0.036307 0.130781
4 0.823133 0.449761 0.079876 0.105263
4 0.919087 0.480861 0.116183 0.157895
0 0.529564 0.438596 0.032158 0.054226
0 0.383299 0.429027 0.028008 0.038278
0 0.414419 0.431419 0.028008 0.033493