0 0.376163 0.906883 0.082558 0.113360
0 0.606395 0.841093 0.068605 0.095142
0 0.253488 0.884615 0.086047 0.121457
0 0.680814 0.801619 0.056977 0.080972
0 0.275000 0.793522 0.063953 0.085020
0 0.743605 0.786437 0.061628 0.074899
0 0.144186 0.699393 0.051163 0.062753
0 0.208721 0.729757 0.045349 0.091093
0 0.311047 0.728745 0.045349 0.052632
0 0.225581 0.652834 0.039535 0.050607
0 0.579651 0.778340 0.054651 0.074899
0 0.689535 0.691296 0.046512 0.058704
0 0.978488 0.931174 0.040698 0.109312
0 0.090116 0.721660 0.045349 0.070850
0 0.300000 0.563765 0.020930 0.038462
0 0.391279 0.608300 0.031395 0.042510
0 0.328488 0.682186 0.033721 0.048583
0 0.395930 0.710526 0.043023 0.056680
0 0.396512 0.678138 0.039535 0.032389
0 0.498837 0.635628 0.032558 0.040486
0 0.495930 0.602227 0.024419 0.046559
0 0.561628 0.629555 0.030233 0.048583
0 0.601744 0.618421 0.031395 0.046559
0 0.846512 0.845142 0.074419 0.127530
0 0.544767 0.580972 0.024419 0.036437
0 0.523256 0.600202 0.020930 0.034413
0 0.522674 0.462551 0.022093 0.034413
0 0.473837 0.533401 0.022093 0.042510
0 0.345349 0.530364 0.027907 0.032389
4 0.341279 0.612348 0.040698 0.066802
4 0.273837 0.592105 0.036047 0.062753