0 0.454876 0.746627 0.115145 0.131934
0 0.728734 0.748876 0.123444 0.112444
0 0.233402 0.743628 0.136929 0.152924
0 0.286826 0.580960 0.100622 0.112444
0 0.684129 0.704648 0.102697 0.080960
0 0.875519 0.371814 0.070539 0.095952
0 0.487552 0.643178 0.097510 0.107946
0 0.780083 0.308096 0.047718 0.058471
4 0.476660 0.425787 0.121369 0.266867
4 0.314834 0.398801 0.119295 0.245877
4 0.354772 0.297601 0.080913 0.214393
4 0.376037 0.260120 0.073651 0.220390
4 0.469398 0.253373 0.061203 0.122939
4 0.536826 0.233133 0.048755 0.130435
4 0.480809 0.179160 0.038382 0.103448
4 0.982365 0.323088 0.033195 0.190405
4 0.943465 0.293103 0.038382 0.205397
4 0.903527 0.308096 0.047718 0.115442
4 0.816909 0.268366 0.057054 0.119940
4 0.759855 0.257121 0.042531 0.103448
0 0.130187 0.900300 0.233402 0.190405
0 0.308091 0.161919 0.029046 0.053973
0 0.613071 0.478261 0.078838 0.071964
0 0.640041 0.535232 0.085062 0.098951
0 0.727178 0.301349 0.037344 0.047976
0 0.842842 0.304348 0.040456 0.047976
0 0.558091 0.301349 0.049793 0.044978
0 0.676349 0.282609 0.031120 0.040480