0 0.085547 0.708760 0.135156 0.175199
0 0.089453 0.460182 0.092969 0.110353
0 0.297656 0.511377 0.093750 0.105802
0 0.798047 0.760523 0.144531 0.185438
0 0.782422 0.205347 0.060156 0.076223
0 0.160547 0.263367 0.061719 0.071672
0 0.307031 0.627986 0.103125 0.156997
0 0.830469 0.069966 0.054688 0.064846
0 0.296875 0.228669 0.060937 0.070535
0 0.419141 0.115472 0.044531 0.046644
0 0.642188 0.352105 0.096875 0.155859
0 0.694531 0.295791 0.062500 0.091013
0 0.518359 0.071104 0.041406 0.042093
0 0.398438 0.042093 0.045312 0.038680
0 0.613672 0.054039 0.022656 0.039818