0 0.544922 0.944444 0.097656 0.108333
0 0.181250 0.928472 0.095312 0.140278
0 0.624609 0.791667 0.050781 0.075000
0 0.590625 0.883333 0.060937 0.088889
0 0.826953 0.884722 0.067969 0.086111
0 0.350000 0.928472 0.081250 0.120833
0 0.234766 0.872222 0.053906 0.077778
0 0.507031 0.877778 0.079687 0.108333
0 0.546484 0.787500 0.064844 0.066667
0 0.582812 0.658333 0.042188 0.052778
0 0.886328 0.655556 0.036719 0.044444
0 0.714453 0.598611 0.033594 0.052778
0 0.540234 0.608333 0.027344 0.033333
0 0.476953 0.672917 0.041406 0.034722
0 0.499219 0.714583 0.043750 0.045833
0 0.469922 0.698611 0.011719 0.044444
0 0.499219 0.766667 0.028125 0.052778
0 0.449219 0.806944 0.048438 0.063889
0 0.417578 0.770139 0.042969 0.059722
0 0.432422 0.720139 0.038281 0.045833
0 0.401562 0.705556 0.021875 0.038889
0 0.358984 0.840278 0.053906 0.066667
0 0.341406 0.793750 0.046875 0.029167
0 0.245703 0.822222 0.039844 0.044444
0 0.767969 0.588194 0.028125 0.037500
0 0.985938 0.704167 0.020313 0.050000
0 0.958594 0.664583 0.031250 0.023611
0 0.957031 0.702083 0.032813 0.040278
0 0.341406 0.752778 0.042188 0.050000
0 0.313672 0.715972 0.038281 0.045833
0 0.348438 0.703472 0.034375 0.045833
0 0.283203 0.678472 0.036719 0.048611
0 0.341797 0.656944 0.035156 0.044444
0 0.390234 0.628472 0.032031 0.037500
0 0.394141 0.592361 0.027344 0.029167
0 0.353516 0.613194 0.030469 0.040278
0 0.436719 0.588889 0.028125 0.030556