0 0.658984 0.689189 0.086719 0.078731
0 0.200781 0.668625 0.076563 0.070505
0 0.589063 0.551704 0.070312 0.081081
0 0.846484 0.467685 0.053906 0.072855
0 0.472656 0.589307 0.071875 0.064630
0 0.489844 0.428320 0.048438 0.036428
3 0.807031 0.319624 0.048438 0.101058
4 0.521484 0.785546 0.188281 0.325499
0 0.352734 0.729730 0.105469 0.131610
0 0.370312 0.529965 0.060937 0.063455
0 0.432422 0.395417 0.042969 0.041128
0 0.963281 0.491187 0.060937 0.079906
0 0.785547 0.400705 0.039844 0.039953
0 0.750000 0.329025 0.028125 0.032902