0 0.198828 0.646688 0.146094 0.151420
0 0.281250 0.531020 0.123438 0.121977
0 0.739062 0.803891 0.160938 0.179811
0 0.398438 0.718191 0.164062 0.241851
0 0.943750 0.612513 0.109375 0.156677
0 0.346484 0.464774 0.103906 0.115668
0 0.737891 0.607256 0.130469 0.129338
0 0.470703 0.641430 0.108594 0.153523
0 0.057813 0.399579 0.089063 0.084122
0 0.706250 0.713460 0.142187 0.177708
0 0.285547 0.289169 0.047656 0.044164
0 0.069141 0.333333 0.067969 0.056782
0 0.400391 0.417981 0.085156 0.083070
0 0.897656 0.498948 0.096875 0.110410
0 0.487500 0.549422 0.118750 0.146162
0 0.592187 0.368034 0.073438 0.088328
0 0.508203 0.468454 0.097656 0.091483
0 0.235156 0.307045 0.050000 0.060988
0 0.246484 0.254469 0.038281 0.023134
0 0.425781 0.231335 0.034375 0.031546
0 0.460547 0.218191 0.025781 0.024185
0 0.491797 0.228181 0.028906 0.021030
0 0.472656 0.340168 0.026562 0.068349
0 0.421094 0.331756 0.067187 0.026288
0 0.454297 0.382755 0.033594 0.084122
0 0.954688 0.525762 0.075000 0.071504
0 0.938281 0.458465 0.053125 0.054679
0 0.858203 0.423239 0.058594 0.057834
0 0.890234 0.395899 0.061719 0.051525
0 0.865625 0.341746 0.071875 0.052576
0 0.823438 0.318612 0.026562 0.060988
0 0.801562 0.314932 0.015625 0.045216
0 0.720313 0.360147 0.078125 0.038906
0 0.721484 0.393796 0.074219 0.030494
0 0.541797 0.289169 0.024219 0.050473
0 0.570703 0.259727 0.021094 0.039958
0 0.583984 0.257624 0.014844 0.035752
0 0.624609 0.312303 0.025781 0.042061
0 0.574609 0.305994 0.053906 0.029443
0 0.540625 0.389064 0.076563 0.035752
0 0.553906 0.455836 0.065625 0.089380
0 0.586719 0.415878 0.020313 0.095689
0 0.288281 0.258675 0.035937 0.021030
0 0.649219 0.272345 0.018750 0.052576
0 0.616406 0.259727 0.040625 0.031546
0 0.615234 0.286540 0.042969 0.013670
3 0.783594 0.212408 0.048438 0.079916
3 0.725391 0.299159 0.077344 0.123028
3 0.658984 0.213460 0.032031 0.058885
3 0.496875 0.291272 0.057813 0.100946
3 0.874609 0.298633 0.066406 0.092534
0 0.819141 0.232387 0.024219 0.029443
0 0.782031 0.267613 0.020313 0.034700
0 0.714844 0.211882 0.039062 0.034700
0 0.542188 0.241325 0.045312 0.041009
0 0.737500 0.502629 0.135937 0.149317