0 0.340234 0.689189 0.086719 0.074031
0 0.527734 0.589307 0.071094 0.064630
0 0.408203 0.551116 0.067969 0.079906
0 0.800391 0.670388 0.075781 0.069330
0 0.631250 0.522327 0.057813 0.048179
0 0.647266 0.717979 0.089844 0.110458
4 0.473828 0.796710 0.186719 0.380729
3 0.195312 0.314924 0.050000 0.077556
3 0.143750 0.214454 0.021875 0.041128
0 0.155469 0.463572 0.050000 0.062280
0 0.033984 0.488837 0.058594 0.065805
0 0.214062 0.398355 0.040625 0.042303
0 0.174219 0.374853 0.035937 0.035253
0 0.508594 0.429495 0.050000 0.043478
0 0.564844 0.388954 0.039062 0.030552