0 0.166406 0.771505 0.085938 0.096774
0 0.137500 0.611559 0.065625 0.086022
0 0.078125 0.581989 0.059375 0.080645
0 0.429297 0.892473 0.103906 0.147849
0 0.039453 0.920699 0.078906 0.153226
0 0.864844 0.914651 0.096875 0.143817
0 0.239063 0.499328 0.048438 0.063172
0 0.344922 0.600134 0.061719 0.068548
0 0.327344 0.780914 0.082812 0.096774
0 0.216016 0.905914 0.121094 0.185484
0 0.404687 0.653898 0.070312 0.090054
0 0.164453 0.492608 0.047656 0.063172
0 0.356641 0.425403 0.041406 0.073925
3 0.507031 0.654570 0.118750 0.301075
3 0.592578 0.510081 0.083594 0.194892
3 0.683984 0.344086 0.038281 0.083333
3 0.727734 0.397177 0.038281 0.084677
3 0.703516 0.287634 0.028906 0.051075
3 0.859766 0.759409 0.086719 0.134409
3 0.054688 0.454973 0.070312 0.098118
3 0.164844 0.389785 0.043750 0.094086
3 0.217188 0.384409 0.067187 0.123656
3 0.314844 0.354167 0.050000 0.103495
3 0.423438 0.314516 0.032813 0.080645
3 0.477734 0.266129 0.027344 0.064516
3 0.505859 0.237231 0.032031 0.057796
3 0.576953 0.200941 0.024219 0.036290
3 0.614453 0.182124 0.028906 0.052419
3 0.589844 0.172043 0.020313 0.056452
0 0.903516 0.863575 0.067969 0.084677
0 0.810547 0.737903 0.025781 0.080645
0 0.735547 0.670027 0.071094 0.095430
0 0.751563 0.609543 0.040625 0.068548
0 0.627344 0.845430 0.090625 0.131720
0 0.646094 0.751344 0.081250 0.142473
0 0.698047 0.567876 0.053906 0.049731
0 0.666016 0.691532 0.064844 0.111559
0 0.709375 0.529570 0.037500 0.040323
0 0.699219 0.495296 0.042188 0.025538
0 0.727734 0.485887 0.035156 0.047043
0 0.713672 0.452285 0.032031 0.014785
0 0.660547 0.429435 0.036719 0.047043
0 0.647656 0.465726 0.025000 0.044355
0 0.667578 0.395833 0.028906 0.022849
0 0.626953 0.381048 0.032031 0.038978
0 0.608203 0.348118 0.019531 0.029570
0 0.524219 0.438844 0.032813 0.036290
0 0.475391 0.480511 0.052344 0.036290
0 0.400781 0.547715 0.056250 0.063172
0 0.258984 0.676747 0.091406 0.127688
0 0.056250 0.530914 0.068750 0.059140
0 0.132812 0.459677 0.045312 0.053763
0 0.215625 0.465054 0.040625 0.048387
0 0.248828 0.440188 0.046094 0.057796
0 0.261719 0.375672 0.025000 0.036290
0 0.362891 0.354167 0.035156 0.044355
0 0.306250 0.466398 0.040625 0.067204
0 0.437891 0.419355 0.044531 0.064516
0 0.476953 0.362231 0.021094 0.030914
0 0.528125 0.354839 0.025000 0.034946
0 0.446094 0.368952 0.026562 0.036290
0 0.517188 0.329301 0.023438 0.029570
0 0.512109 0.286962 0.016406 0.022849
0 0.546875 0.280914 0.018750 0.026882
0 0.532031 0.215726 0.018750 0.025538
0 0.569922 0.256720 0.022656 0.026882