3 0.458984 0.827225 0.194531 0.318325
0 0.893359 0.523560 0.061719 0.060733
3 0.328125 0.695812 0.181250 0.313089
0 0.724609 0.825131 0.060156 0.140314
0 0.783594 0.847120 0.057813 0.154974
0 0.842969 0.863874 0.057813 0.157068
0 0.933594 0.871728 0.120313 0.126702
0 0.703516 0.457068 0.061719 0.061780
0 0.353906 0.384293 0.035937 0.052356
0 0.165234 0.414136 0.046094 0.040838
0 0.137109 0.393194 0.027344 0.036649
0 0.173047 0.495288 0.058594 0.054450
0 0.730469 0.416754 0.056250 0.077487
3 0.961328 0.516230 0.069531 0.136126
3 0.726562 0.337173 0.059375 0.054450
3 0.576562 0.316754 0.078125 0.089005
3 0.496094 0.330890 0.087500 0.087958
3 0.392969 0.339791 0.065625 0.095288
3 0.332422 0.349738 0.039844 0.077487
3 0.247266 0.463351 0.089844 0.187435
3 0.094531 0.380105 0.082812 0.134031
3 0.028125 0.424084 0.046875 0.173822
3 0.224609 0.308901 0.085156 0.087958
3 0.187891 0.374869 0.050781 0.071204
3 0.302344 0.417801 0.034375 0.182199