0 0.053125 0.792814 0.106250 0.114970
0 0.357812 0.763473 0.073438 0.097006
0 0.950781 0.826946 0.092188 0.274251
0 0.902344 0.798204 0.043750 0.080240
0 0.303906 0.728743 0.045312 0.053892
0 0.538281 0.620359 0.020313 0.026347
0 0.544922 0.650898 0.019531 0.027545
0 0.578906 0.655090 0.025000 0.028743
0 0.525000 0.664671 0.023438 0.033533
0 0.501563 0.647305 0.021875 0.025150
0 0.483594 0.659281 0.021875 0.020359
0 0.461328 0.677246 0.028906 0.027545
0 0.614844 0.710778 0.034375 0.027545
0 0.591016 0.751497 0.049219 0.041916
0 0.687500 0.795808 0.110937 0.152096
0 0.744141 0.725749 0.033594 0.043114
0 0.716016 0.675449 0.022656 0.021557
0 0.716016 0.711377 0.028906 0.033533
3 0.675391 0.686826 0.050781 0.068263
3 0.715625 0.624551 0.028125 0.053892
3 0.088672 0.730539 0.146094 0.162874