0 0.660937 0.924242 0.104688 0.106719
0 0.418750 0.676548 0.062500 0.069829
0 0.703906 0.705534 0.070312 0.088274
0 0.646875 0.576416 0.054688 0.072464
0 0.308203 0.692358 0.064844 0.075099
0 0.703125 0.567852 0.046875 0.065876
0 0.525781 0.540184 0.048438 0.068511
0 0.432812 0.863636 0.092188 0.133070
0 0.360547 0.567852 0.052344 0.057971
0 0.832812 0.650198 0.060937 0.077734
0 0.588281 0.539526 0.043750 0.056653
0 0.251563 0.484190 0.040625 0.051383
0 0.169922 0.646245 0.082031 0.119895
0 0.273047 0.586298 0.060156 0.057971
0 0.164062 0.563900 0.050000 0.031621
0 0.315234 0.455204 0.039844 0.048748
0 0.310547 0.501976 0.042969 0.047431
0 0.554688 0.493412 0.037500 0.046113
0 0.482812 0.500659 0.039062 0.050066
0 0.456250 0.470356 0.032813 0.047431
0 0.514062 0.467062 0.039062 0.046113
0 0.437109 0.397233 0.033594 0.054018
3 0.168359 0.480237 0.061719 0.127800
3 0.601953 0.453887 0.053906 0.104084