0 0.465234 0.874266 0.202344 0.246769
0 0.905469 0.284959 0.082812 0.092832
0 0.630859 0.259107 0.071094 0.081081
0 0.662109 0.468860 0.102344 0.103408
0 0.500781 0.517039 0.093750 0.112808
0 0.375391 0.702703 0.142969 0.131610
0 0.708594 0.623384 0.109375 0.113984
0 0.447266 0.400118 0.088281 0.064630
0 0.369531 0.357227 0.079687 0.075206
0 0.719141 0.554054 0.102344 0.090482
0 0.657031 0.232080 0.067187 0.078731
0 0.807813 0.259694 0.084375 0.096357
0 0.285547 0.490599 0.097656 0.123384
0 0.149219 0.259694 0.075000 0.075206
0 0.065625 0.155112 0.059375 0.065805
0 0.029687 0.263807 0.057813 0.092832
0 0.316797 0.179201 0.063281 0.064630
0 0.492969 0.229730 0.050000 0.078731
0 0.524219 0.191539 0.050000 0.054054