0 0.896099 0.721914 0.089968 0.112344
0 0.687500 0.592233 0.069268 0.091540
0 0.684315 0.455617 0.058121 0.076283
0 0.243631 0.830791 0.089172 0.102635
0 0.402468 0.576283 0.062898 0.070735
0 0.800557 0.542302 0.072452 0.108183
0 0.746019 0.708044 0.095541 0.165049
0 0.754379 0.333564 0.043790 0.070735
0 0.266720 0.566574 0.062102 0.084605
0 0.682723 0.328710 0.043790 0.063800
3 0.424761 0.315534 0.070860 0.148405
3 0.204618 0.423024 0.113057 0.221914
3 0.869029 0.333564 0.072452 0.159501
3 0.384156 0.112344 0.043790 0.047157
0 0.097930 0.641470 0.087580 0.142857
0 0.333599 0.352288 0.042994 0.052705
0 0.369825 0.326630 0.034236 0.045770
0 0.484873 0.337725 0.047771 0.051318
0 0.405255 0.203883 0.030255 0.027739
0 0.347134 0.174064 0.027070 0.029126
0 0.314092 0.183079 0.031051 0.030513
0 0.447850 0.154646 0.024682 0.031900
0 0.488057 0.153953 0.030255 0.041609
0 0.426752 0.136616 0.022293 0.031900
0 0.335589 0.121359 0.024682 0.026352
0 0.525876 0.143551 0.026274 0.037448
0 0.568471 0.155340 0.027070 0.041609
0 0.620621 0.201110 0.029459 0.047157
0 0.590764 0.191401 0.019108 0.033287
0 0.666799 0.195562 0.026274 0.038835
0 0.778264 0.251040 0.035828 0.055479
0 0.704618 0.252427 0.038217 0.041609
0 0.710987 0.214979 0.033439 0.038835
0 0.679936 0.175451 0.031847 0.037448