0 0.447656 0.616647 0.079687 0.098476
0 0.528906 0.835287 0.120313 0.123095
0 0.657031 0.661782 0.114062 0.160610
0 0.573438 0.602579 0.075000 0.084408
0 0.285547 0.566237 0.074219 0.075029
0 0.488672 0.479484 0.083594 0.110199
0 0.446484 0.419109 0.050781 0.071512
0 0.350000 0.436108 0.046875 0.058617
0 0.268750 0.474209 0.050000 0.059789
0 0.235937 0.434936 0.039062 0.049238
0 0.043359 0.467175 0.061719 0.064478
0 0.959375 0.523447 0.071875 0.083236
0 0.789062 0.512896 0.067187 0.069168
0 0.805859 0.415592 0.050781 0.048066
0 0.747656 0.367526 0.045312 0.041032
0 0.692578 0.438453 0.053906 0.060961
0 0.562109 0.390387 0.042969 0.044549
4 0.625000 0.349941 0.075000 0.123095
3 0.077344 0.266120 0.075000 0.070340
0 0.288281 0.392145 0.040625 0.038687
0 0.344141 0.380422 0.042969 0.029308