0 0.517578 0.858899 0.128906 0.162763
0 0.508984 0.713700 0.094531 0.132319
0 0.102734 0.456674 0.047656 0.058548
0 0.516016 0.547424 0.066406 0.059719
3 0.821875 0.746487 0.229687 0.504684
0 0.123828 0.519906 0.064844 0.063232
0 0.481641 0.497073 0.058594 0.064403
0 0.509766 0.613583 0.074219 0.096019
3 0.578516 0.412178 0.074219 0.170960
3 0.219922 0.318501 0.044531 0.093677
3 0.260156 0.308548 0.028125 0.094848
3 0.148438 0.384660 0.068750 0.118267
3 0.462891 0.228923 0.027344 0.055035
0 0.486719 0.411007 0.054688 0.067916
0 0.246094 0.386417 0.042188 0.058548
0 0.442969 0.271077 0.020313 0.036300
0 0.465234 0.320258 0.025781 0.033958
0 0.485156 0.266393 0.021875 0.029274
0 0.537891 0.375293 0.014844 0.055035