0 0.487891 0.841241 0.108594 0.120438
0 0.705078 0.796229 0.111719 0.144769
0 0.179688 0.538929 0.070312 0.075426
0 0.214453 0.613747 0.078906 0.096107
0 0.515625 0.745742 0.100000 0.148418
0 0.110937 0.760341 0.121875 0.180049
0 0.882422 0.729927 0.097656 0.119221
0 0.801562 0.532847 0.060937 0.075426
0 0.516797 0.385036 0.042969 0.047445
0 0.832031 0.406326 0.054688 0.075426
3 0.695703 0.538929 0.103906 0.260341
3 0.776953 0.287713 0.064844 0.096107
3 0.495703 0.322384 0.049219 0.102190
3 0.417187 0.324818 0.045312 0.097324
3 0.348047 0.448905 0.096094 0.158151
3 0.305078 0.371046 0.089844 0.141119
3 0.368750 0.296229 0.032813 0.069343
0 0.069531 0.636861 0.078125 0.088808
0 0.678516 0.309611 0.033594 0.047445
0 0.604688 0.315693 0.029687 0.032847
0 0.532031 0.595499 0.089063 0.110706
0 0.895703 0.328467 0.042969 0.041363
0 0.816797 0.319951 0.035156 0.036496
0 0.851172 0.352798 0.042969 0.060827