0 0.919922 0.783730 0.080469 0.146825
0 0.689063 0.820437 0.079687 0.148810
0 0.535547 0.360119 0.039844 0.093254
0 0.642969 0.750992 0.068750 0.132937
0 0.199219 0.920635 0.103125 0.130952
0 0.229687 0.736111 0.078125 0.095238
0 0.366797 0.727183 0.067969 0.105159
0 0.368750 0.615079 0.062500 0.075397
0 0.258984 0.594246 0.064844 0.089286
0 0.283984 0.440476 0.064844 0.115079
0 0.377734 0.525794 0.058594 0.047619
0 0.373828 0.463294 0.047656 0.065476
0 0.615625 0.592262 0.060937 0.081349
0 0.652344 0.657738 0.059375 0.069444
0 0.775391 0.670635 0.069531 0.142857
0 0.766797 0.764881 0.063281 0.121032
0 0.685156 0.553571 0.048438 0.091270
0 0.637500 0.465278 0.043750 0.081349
0 0.675000 0.368056 0.034375 0.069444
0 0.626953 0.409722 0.041406 0.061508
0 0.599609 0.361111 0.032031 0.063492
0 0.574219 0.289683 0.034375 0.079365
0 0.514062 0.306548 0.025000 0.053571
3 0.754297 0.410714 0.078906 0.246032
3 0.633984 0.251984 0.039844 0.142857
3 0.055859 0.675595 0.107031 0.378968
3 0.128906 0.511905 0.085938 0.321429