0 0.374609 0.742788 0.097656 0.132212
0 0.255469 0.503005 0.059375 0.073317
0 0.501953 0.893029 0.128906 0.163462
0 0.196484 0.708534 0.086719 0.109375
0 0.914453 0.655649 0.086719 0.118990
0 0.163281 0.618990 0.067187 0.086538
0 0.937500 0.450120 0.062500 0.066106
0 0.665234 0.461538 0.055469 0.067308
0 0.604297 0.399639 0.057031 0.075721
0 0.216016 0.861178 0.117969 0.131010
0 0.493750 0.355168 0.045312 0.054087
0 0.167969 0.575120 0.070312 0.068510
0 0.315625 0.449519 0.050000 0.062500
0 0.728125 0.495793 0.060937 0.073317
0 0.878125 0.570312 0.081250 0.106971
0 0.750000 0.577524 0.081250 0.080529
0 0.135547 0.486178 0.057031 0.066106
0 0.118750 0.445312 0.050000 0.056490
0 0.286328 0.384615 0.053906 0.067308
3 0.883984 0.367188 0.097656 0.167067
3 0.454688 0.301082 0.060937 0.128606
3 0.190625 0.352163 0.073438 0.153846