0 0.576562 0.500790 0.182812 0.322275
0 0.377734 0.405213 0.139844 0.251185
0 0.852344 0.744866 0.285938 0.475513
0 0.316406 0.757504 0.398438 0.466035
0 0.061328 0.626382 0.111719 0.364929
0 0.269922 0.196682 0.041406 0.055292
0 0.339844 0.203791 0.035937 0.056872
0 0.679297 0.372038 0.107031 0.222749
0 0.557422 0.281201 0.060156 0.104265
0 0.489844 0.323855 0.081250 0.126382
0 0.937891 0.435229 0.119531 0.200632
0 0.795703 0.254344 0.050781 0.120063
0 0.755859 0.244866 0.033594 0.078989
3 0.887500 0.215640 0.160938 0.371248
0 0.624609 0.225118 0.044531 0.080569
0 0.578516 0.216430 0.036719 0.078989
0 0.479687 0.206951 0.040625 0.047393