0 0.536328 0.492372 0.069531 0.099861
0 0.662891 0.579057 0.077344 0.117892
0 0.647266 0.435506 0.063281 0.083218
0 0.499219 0.660888 0.096875 0.156727
0 0.643750 0.291956 0.042188 0.062413
0 0.051953 0.736477 0.086719 0.122053
3 0.919141 0.768377 0.152344 0.438280
3 0.848437 0.573509 0.123438 0.339806
3 0.742188 0.307906 0.064062 0.124827
3 0.709375 0.205964 0.054688 0.131761
3 0.637109 0.203883 0.050781 0.119279
3 0.122266 0.298197 0.094531 0.221914
3 0.230859 0.228155 0.067969 0.176144
0 0.146875 0.510402 0.089063 0.122053
0 0.021484 0.605409 0.041406 0.106796
0 0.299219 0.303745 0.046875 0.061026
0 0.331250 0.273232 0.035937 0.038835
0 0.360547 0.233703 0.035156 0.040222
0 0.378906 0.199723 0.042188 0.055479
0 0.591016 0.226768 0.038281 0.048544
0 0.580469 0.185853 0.034375 0.038835
0 0.469922 0.180999 0.030469 0.040222
3 0.676172 0.158114 0.017969 0.119279
3 0.630469 0.108877 0.037500 0.059639
3 0.609766 0.056865 0.025781 0.066574
3 0.557422 0.036061 0.021094 0.049931