0 0.200391 0.483397 0.061719 0.077905
0 0.381250 0.433589 0.051562 0.083014
0 0.141406 0.318646 0.043750 0.060026
0 0.864844 0.568966 0.089063 0.090677
0 0.445312 0.349298 0.042188 0.075351
0 0.240234 0.380587 0.038281 0.053640
0 0.726172 0.369093 0.058594 0.066411
0 0.835938 0.371009 0.053125 0.062580
0 0.734375 0.294381 0.035937 0.044700
0 0.643359 0.259898 0.028906 0.034483
0 0.637500 0.300128 0.042188 0.045977
0 0.703906 0.227969 0.021875 0.029374
0 0.594141 0.174330 0.014844 0.016603
0 0.608984 0.188378 0.022656 0.024266
0 0.584375 0.212005 0.021875 0.022989
0 0.522656 0.189017 0.021875 0.028097
0 0.508203 0.169860 0.016406 0.022989
0 0.400000 0.178161 0.018750 0.024266
0 0.326172 0.160281 0.019531 0.021711
0 0.369531 0.222222 0.023438 0.033206
0 0.286328 0.199234 0.027344 0.035760
0 0.248438 0.242018 0.026562 0.034483
0 0.277344 0.275223 0.031250 0.047254
0 0.219141 0.162835 0.021094 0.026820
3 0.686328 0.282886 0.044531 0.067688
3 0.563281 0.167944 0.026562 0.042146