0 0.210938 0.726562 0.264062 0.290625
0 0.037109 0.629167 0.074219 0.097917
0 0.370312 0.628646 0.128125 0.115625
0 0.734375 0.618750 0.051562 0.062500
0 0.671484 0.629167 0.082031 0.100000
0 0.273828 0.497917 0.038281 0.045833
0 0.522266 0.642708 0.092969 0.083333
0 0.592578 0.616667 0.063281 0.066667
0 0.766016 0.513542 0.038281 0.037500
0 0.705078 0.485938 0.039844 0.036458
0 0.653125 0.471875 0.034375 0.027083
0 0.662109 0.451562 0.030469 0.026042
0 0.799219 0.446875 0.034375 0.029167
0 0.468750 0.450000 0.037500 0.039583
0 0.321875 0.467187 0.037500 0.030208
0 0.337109 0.490625 0.036719 0.037500
0 0.334375 0.533854 0.042188 0.040625
3 0.156250 0.540625 0.062500 0.068750