0 0.416406 0.692755 0.059375 0.065977
0 0.649609 0.926908 0.096094 0.099612
0 0.313281 0.708279 0.060937 0.071151
0 0.813281 0.669470 0.059375 0.071151
0 0.635156 0.598318 0.053125 0.065977
0 0.689453 0.717982 0.067969 0.082794
0 0.361328 0.591850 0.049219 0.055627
0 0.431250 0.869340 0.089063 0.129366
0 0.520703 0.565330 0.046094 0.062096
0 0.688281 0.589263 0.045312 0.058215
0 0.577734 0.565330 0.042969 0.051746
0 0.180859 0.659767 0.066406 0.100906
0 0.176563 0.592497 0.046875 0.028461
0 0.278906 0.611255 0.056250 0.055627
0 0.258984 0.509702 0.039844 0.036223
0 0.311719 0.529754 0.039062 0.040103
0 0.316797 0.481889 0.035156 0.045278
0 0.284375 0.437257 0.028125 0.033635
0 0.349219 0.425614 0.026562 0.031048
0 0.440234 0.472833 0.027344 0.037516
0 0.456250 0.494825 0.032813 0.040103
0 0.476953 0.523933 0.035156 0.038810
0 0.508203 0.491591 0.032031 0.036223
0 0.546094 0.527814 0.032813 0.038810
0 0.496094 0.468952 0.026562 0.029754
0 0.527734 0.445666 0.024219 0.034929
0 0.482422 0.449547 0.024219 0.032342
3 0.591797 0.486417 0.049219 0.093144
3 0.544531 0.401682 0.031250 0.073739
3 0.435937 0.434023 0.028125 0.055627
3 0.179297 0.512290 0.052344 0.121604
3 0.261328 0.405563 0.038281 0.076326