0 0.637891 0.735639 0.058594 0.073857
0 0.860156 0.822978 0.076563 0.082063
0 0.335156 0.859906 0.092188 0.118406
0 0.546875 0.890973 0.103125 0.124267
0 0.149219 0.871043 0.109375 0.154748
0 0.600391 0.823564 0.064844 0.085580
0 0.510938 0.825909 0.090625 0.120750
0 0.592187 0.613130 0.042188 0.056272
0 0.210547 0.810082 0.063281 0.075029
0 0.220703 0.765533 0.041406 0.056272
0 0.296484 0.665299 0.038281 0.050410
0 0.348438 0.785463 0.068750 0.063306
0 0.328125 0.747362 0.057813 0.045721
0 0.325000 0.698124 0.048438 0.038687
0 0.414062 0.718640 0.054688 0.049238
0 0.444531 0.753810 0.057813 0.056272
0 0.551562 0.734467 0.079687 0.066823
0 0.502734 0.713951 0.035156 0.039859
0 0.499609 0.671161 0.053906 0.048066
0 0.423438 0.672919 0.054688 0.042204
0 0.397656 0.658851 0.035937 0.035170
0 0.333594 0.656506 0.042188 0.042204
0 0.259375 0.634232 0.040625 0.051583
0 0.338672 0.567409 0.030469 0.037515
0 0.544531 0.565064 0.031250 0.032825
0 0.923828 0.606682 0.038281 0.041032
0 0.797656 0.547479 0.031250 0.025791
0 0.738672 0.557444 0.035156 0.033998
0 0.478125 0.626612 0.050000 0.036342
0 0.326953 0.606682 0.044531 0.033998
0 0.379688 0.586753 0.035937 0.036342
3 0.873047 0.552169 0.053906 0.084408
3 0.236328 0.718054 0.075781 0.099648