0 0.230469 0.694938 0.214062 0.298222
0 0.224219 0.435021 0.114062 0.166895
0 0.419141 0.455540 0.107031 0.150479
0 0.165234 0.488372 0.110156 0.150479
0 0.955078 0.444596 0.069531 0.150479
0 0.903516 0.409029 0.049219 0.139535
0 0.774219 0.479480 0.159375 0.179207
0 0.865625 0.734610 0.176563 0.194254
0 0.846875 0.612859 0.170313 0.175103
0 0.445312 0.333105 0.070312 0.067031
0 0.301953 0.337209 0.086719 0.094391
0 0.294141 0.419973 0.038281 0.117647
0 0.321484 0.240082 0.078906 0.105335
0 0.438281 0.273598 0.070312 0.084815
0 0.657813 0.264706 0.065625 0.091655
0 0.661328 0.341997 0.069531 0.054720
0 0.672266 0.426813 0.049219 0.090287
0 0.786719 0.283858 0.087500 0.080711
0 0.800000 0.352941 0.082812 0.054720
0 0.980469 0.547196 0.031250 0.164159