0 0.900000 0.255139 0.065625 0.074970
0 0.582812 0.778718 0.154688 0.111245
0 0.291016 0.338573 0.050781 0.084643
0 0.738281 0.274486 0.051562 0.062878
0 0.200391 0.347037 0.061719 0.079807
0 0.952344 0.397823 0.059375 0.062878
0 0.085156 0.405079 0.065625 0.099154
0 0.380859 0.354897 0.064844 0.093108
0 0.773828 0.607013 0.086719 0.099154
0 0.830859 0.521765 0.075781 0.085852
0 0.670703 0.321040 0.055469 0.051995
0 0.630859 0.276300 0.049219 0.061669
0 0.680859 0.244861 0.050781 0.047158
0 0.722656 0.229141 0.035937 0.035067
0 0.466797 0.243652 0.038281 0.039903
0 0.208203 0.606409 0.091406 0.110036
0 0.451953 0.461306 0.075781 0.117291
0 0.124609 0.307739 0.046094 0.054414
0 0.229687 0.277509 0.048438 0.042322
0 0.081250 0.276904 0.046875 0.038694
0 0.026562 0.493954 0.048438 0.107618
0 0.233203 0.504232 0.066406 0.065296