0 0.655078 0.500626 0.064844 0.082603
0 0.302344 0.489987 0.064062 0.066333
0 0.371094 0.619524 0.078125 0.087610
0 0.238281 0.635169 0.078125 0.086358
0 0.723828 0.485607 0.058594 0.075094
0 0.507031 0.458073 0.059375 0.077597
0 0.674219 0.916771 0.131250 0.141427
0 0.391406 0.834793 0.118750 0.162703
0 0.168750 0.386108 0.050000 0.046308
0 0.726953 0.650188 0.088281 0.106383
0 0.885938 0.586984 0.078125 0.090113
0 0.583203 0.455569 0.055469 0.062578
0 0.453125 0.408636 0.051562 0.058824
0 0.542188 0.409887 0.048438 0.053817
0 0.237109 0.414268 0.047656 0.057572
0 0.194531 0.508761 0.068750 0.073842
0 0.059375 0.498123 0.067187 0.035044
0 0.064062 0.576345 0.095312 0.123905
0 0.064453 0.441802 0.061719 0.055069
0 0.243750 0.353567 0.043750 0.048811
0 0.421484 0.372966 0.039844 0.060075
0 0.399609 0.339800 0.033594 0.048811
0 0.396484 0.285982 0.035156 0.053817
0 0.494141 0.367960 0.039844 0.047559
0 0.475391 0.338548 0.030469 0.041302
0 0.512891 0.306008 0.027344 0.038798
4 0.599219 0.360451 0.054688 0.102628
3 0.538281 0.251564 0.039062 0.095119
3 0.065625 0.368586 0.073438 0.096370
3 0.171875 0.262829 0.046875 0.117647