0 0.894531 0.742974 0.089063 0.099532
0 0.676172 0.590749 0.053906 0.059719
0 0.498047 0.709602 0.071094 0.077283
0 0.817187 0.911593 0.121875 0.153396
0 0.916406 0.690281 0.071875 0.083138
0 0.588281 0.504684 0.043750 0.058548
0 0.403125 0.729508 0.078125 0.086651
0 0.764453 0.587237 0.053906 0.064403
0 0.946094 0.644028 0.057813 0.065574
0 0.944141 0.591920 0.053906 0.048009
0 0.445312 0.507611 0.032813 0.038642
0 0.334375 0.596604 0.046875 0.064403
0 0.380469 0.481265 0.035937 0.032787
0 0.546094 0.448478 0.025000 0.035129
0 0.590625 0.443794 0.025000 0.030445
0 0.675000 0.512881 0.048438 0.070258
3 0.748828 0.361827 0.017969 0.032787
3 0.701172 0.460773 0.044531 0.083138
3 0.660547 0.446136 0.030469 0.070258
3 0.610938 0.384075 0.023438 0.046838
3 0.258984 0.654567 0.097656 0.210773
3 0.243750 0.489461 0.057813 0.117096
3 0.285938 0.461358 0.032813 0.065574