0 0.387891 0.830413 0.161719 0.186483
0 0.576953 0.709637 0.144531 0.185232
0 0.400391 0.508135 0.111719 0.145181
0 0.756641 0.685857 0.144531 0.180225
0 0.207422 0.523780 0.100781 0.106383
0 0.052734 0.607635 0.100781 0.126408
0 0.604688 0.211514 0.057813 0.072591
0 0.877344 0.267835 0.067187 0.077597
0 0.525000 0.459950 0.096875 0.113892
0 0.291016 0.322904 0.077344 0.085106
0 0.387500 0.286608 0.078125 0.087610
0 0.228125 0.918023 0.203125 0.161452
0 0.747656 0.249061 0.065625 0.077597
0 0.704297 0.202753 0.052344 0.067584
0 0.153125 0.426158 0.087500 0.101377
0 0.908203 0.220901 0.053906 0.071339
0 0.014453 0.204005 0.028906 0.070088
0 0.568750 0.145181 0.048438 0.060075
0 0.121484 0.243429 0.078906 0.138924
0 0.591406 0.058824 0.035937 0.045056
0 0.302344 0.081352 0.048438 0.045056
0 0.266406 0.108260 0.037500 0.031289
0 0.225000 0.081977 0.032813 0.036295
0 0.192969 0.103254 0.037500 0.058824
3 0.144141 0.137046 0.063281 0.131414
3 0.249219 0.197121 0.092188 0.138924
3 0.349219 0.155194 0.060937 0.105131
3 0.636719 0.069462 0.043750 0.086358
3 0.697656 0.126408 0.051562 0.075094
3 0.769922 0.135795 0.103906 0.176471
3 0.866406 0.138298 0.082812 0.131414