0 0.409375 0.723916 0.114062 0.113716
0 0.480078 0.509379 0.080469 0.083236
0 0.907031 0.886870 0.146875 0.151231
0 0.433594 0.361079 0.056250 0.067995
0 0.652344 0.480070 0.071875 0.073857
0 0.821484 0.528136 0.091406 0.104338
0 0.641406 0.594959 0.085938 0.076202
0 0.537109 0.390973 0.067969 0.076202
0 0.661719 0.381594 0.067187 0.055100
0 0.789062 0.411489 0.071875 0.060961
0 0.591797 0.298945 0.046094 0.053927
0 0.676172 0.315944 0.046094 0.045721
0 0.777734 0.338218 0.055469 0.048066
0 0.797656 0.286049 0.051562 0.044549
0 0.712891 0.278429 0.041406 0.048066
0 0.698047 0.305979 0.042969 0.046893
0 0.587891 0.232708 0.035156 0.041032
0 0.974609 0.282532 0.044531 0.058617
0 0.972266 0.199297 0.044531 0.046893
3 0.138672 0.692849 0.263281 0.492380
3 0.617188 0.191090 0.039062 0.063306