0 0.429688 0.611570 0.109375 0.144038
0 0.357422 0.916765 0.169531 0.164109
0 0.139453 0.445691 0.075781 0.097993
0 0.420703 0.494097 0.083594 0.123967
0 0.273828 0.449823 0.092969 0.136954
0 0.428125 0.419126 0.068750 0.094451
0 0.163281 0.639315 0.112500 0.161747
0 0.018750 0.596222 0.032813 0.141677
0 0.262891 0.327037 0.053906 0.051948
0 0.338281 0.433884 0.051562 0.086187
0 0.357422 0.324085 0.046094 0.050767
0 0.394922 0.276860 0.039844 0.038961
0 0.350781 0.269185 0.032813 0.035419
0 0.448047 0.331759 0.049219 0.023613
0 0.464453 0.364817 0.053906 0.047226
0 0.476172 0.314050 0.038281 0.049587