0 0.311111 0.881481 0.092593 0.098765
0 0.160185 0.739506 0.068519 0.076543
0 0.473148 0.938272 0.112963 0.118519
0 0.706481 0.945679 0.109259 0.098765
0 0.640741 0.858025 0.085185 0.086420
0 0.527778 0.702469 0.066667 0.061728
0 0.270370 0.670370 0.059259 0.066667
0 0.391667 0.682716 0.061111 0.061728
0 0.166667 0.682716 0.074074 0.076543
0 0.496296 0.658025 0.062963 0.061728
0 0.443519 0.608642 0.053704 0.046914
0 0.955556 0.679012 0.077778 0.064198
0 0.687963 0.592593 0.057407 0.064198
0 0.229630 0.588889 0.051852 0.061728
0 0.850926 0.585185 0.064815 0.064198
0 0.587963 0.790123 0.083333 0.083951
0 0.297222 0.791358 0.075926 0.101235
0 0.324074 0.588889 0.048148 0.046914
0 0.353704 0.637037 0.059259 0.059259
0 0.590741 0.543210 0.040741 0.044444
0 0.813889 0.544444 0.050000 0.051852
3 0.200926 0.474074 0.068519 0.088889
0 0.779630 0.640741 0.077778 0.081481
0 0.976852 0.640741 0.038889 0.066667
0 0.718519 0.537037 0.044444 0.046914
0 0.659259 0.514815 0.037037 0.037037
0 0.657407 0.543210 0.033333 0.039506
0 0.623148 0.561728 0.053704 0.046914
0 0.525926 0.492593 0.033333 0.032099
0 0.487963 0.497531 0.038889 0.032099
0 0.562963 0.507407 0.033333 0.032099
0 0.359259 0.523457 0.033333 0.029630
0 0.299074 0.545679 0.046296 0.054321
0 0.400926 0.581481 0.046296 0.051852
0 0.382407 0.551852 0.038889 0.037037
0 0.201852 0.518519 0.048148 0.044444
3 0.466667 0.466667 0.040741 0.064198
3 0.433333 0.477778 0.037037 0.051852