0 0.610625 0.908125 0.086250 0.128750
0 0.467500 0.949375 0.097500 0.098750
0 0.258750 0.961875 0.097500 0.073750
0 0.492812 0.543750 0.050625 0.062500
0 0.744375 0.720000 0.062500 0.105000
0 0.317812 0.875000 0.083125 0.120000
0 0.038750 0.636250 0.068750 0.082500
0 0.680625 0.516250 0.047500 0.085000
0 0.446562 0.609375 0.058125 0.078750
0 0.621563 0.789375 0.073125 0.138750
0 0.599063 0.518125 0.044375 0.061250
0 0.645625 0.623750 0.052500 0.080000
0 0.131250 0.513125 0.060000 0.086250
0 0.164687 0.460000 0.045625 0.067500
0 0.572187 0.582500 0.053125 0.077500
0 0.419375 0.669375 0.063750 0.086250
0 0.360938 0.455625 0.038125 0.058750
0 0.737500 0.642500 0.066250 0.105000
0 0.249688 0.445625 0.036875 0.061250
0 0.539687 0.643125 0.054375 0.083750
0 0.331875 0.486875 0.045000 0.056250
0 0.452188 0.396875 0.033125 0.046250
0 0.194688 0.588750 0.069375 0.105000
0 0.570000 0.434375 0.031250 0.053750
2 0.716250 0.358125 0.035000 0.116250
2 0.689375 0.356250 0.020000 0.082500
2 0.501250 0.349375 0.035000 0.058750
2 0.469375 0.357500 0.036250 0.070000
0 0.363438 0.778125 0.079375 0.126250
0 0.022812 0.579375 0.043125 0.096250
0 0.298438 0.460625 0.036875 0.051250
0 0.273438 0.521875 0.053125 0.088750
0 0.299687 0.415000 0.034375 0.047500
0 0.385625 0.405625 0.027500 0.043750
0 0.418438 0.388125 0.028125 0.046250
0 0.496563 0.380000 0.021875 0.037500
0 0.604062 0.399375 0.031875 0.051250
0 0.618750 0.462500 0.037500 0.075000
0 0.635938 0.433750 0.034375 0.057500
0 0.659687 0.397500 0.023125 0.042500
0 0.708125 0.426250 0.040000 0.065000
0 0.694688 0.458750 0.034375 0.055000
0 0.678438 0.380625 0.019375 0.033750
0 0.643750 0.378125 0.017500 0.028750
0 0.757500 0.390625 0.020000 0.018750