0 0.225000 0.782167 0.065000 0.097065
0 0.925625 0.927765 0.096250 0.130926
0 0.640625 0.945824 0.096250 0.099323
0 0.817500 0.963883 0.107500 0.067720
0 0.333125 0.823928 0.068750 0.121896
0 0.195625 0.714447 0.058750 0.074492
0 0.648750 0.688488 0.055000 0.085779
0 0.685625 0.655756 0.036250 0.074492
0 0.740000 0.620767 0.040000 0.058691
0 0.706875 0.558691 0.036250 0.047404
0 0.658750 0.626411 0.040000 0.051919
0 0.332500 0.744921 0.070000 0.063205
0 0.298125 0.668172 0.048750 0.063205
0 0.193125 0.629797 0.043750 0.054176
0 0.368750 0.607223 0.042500 0.058691
0 0.431250 0.633183 0.040000 0.056433
0 0.454375 0.571106 0.031250 0.040632
0 0.418125 0.520316 0.028750 0.047404
0 0.393750 0.547404 0.035000 0.051919
0 0.378750 0.514673 0.030000 0.036117
3 0.881250 0.782167 0.112500 0.223476
1 0.060625 0.782167 0.118750 0.227991
3 0.485625 0.458239 0.033750 0.072235