0 0.792339 0.831541 0.080645 0.100358
0 0.940524 0.639785 0.052419 0.064516
0 0.840222 0.642473 0.061492 0.073477
0 0.636593 0.663082 0.049395 0.064516
0 0.462198 0.714158 0.053427 0.094982
3 0.695060 0.870968 0.093750 0.157706
0 0.392137 0.774194 0.058468 0.111111
0 0.588710 0.817204 0.058468 0.089606
0 0.533770 0.632616 0.041331 0.053763
0 0.788810 0.570789 0.031250 0.041219
0 0.714718 0.556452 0.026210 0.034050
0 0.630040 0.564516 0.032258 0.039427
0 0.611895 0.527778 0.026210 0.034050
0 0.072077 0.535842 0.025202 0.032258
0 0.452117 0.599462 0.033266 0.048387
0 0.442540 0.562724 0.024194 0.039427
0 0.505040 0.574373 0.024194 0.048387
0 0.527722 0.554659 0.023185 0.037634
0 0.485887 0.558244 0.024194 0.030466
0 0.457157 0.516129 0.019153 0.028674
0 0.564516 0.506272 0.020161 0.026882
0 0.509073 0.485663 0.014113 0.025090
0 0.529234 0.498208 0.016129 0.025090
3 0.575605 0.577957 0.038306 0.062724
3 0.684476 0.457885 0.020161 0.044803
3 0.407258 0.486559 0.018145 0.037634
1 0.892137 0.505376 0.054435 0.060932