0 0.313636 0.838047 0.198990 0.129966
0 0.527778 0.567340 0.071717 0.041077
0 0.363131 0.651515 0.116162 0.073401
0 0.021212 0.463973 0.036364 0.020202
0 0.025758 0.496970 0.041414 0.029630
0 0.107576 0.473737 0.043434 0.016835
0 0.125758 0.488889 0.051515 0.025589
0 0.136364 0.436700 0.030303 0.011448
0 0.159091 0.440741 0.029293 0.011448
0 0.188384 0.441077 0.023232 0.010774
0 0.326263 0.460943 0.028283 0.015488
0 0.370202 0.468350 0.035354 0.015488
0 0.564646 0.452525 0.024242 0.012121
0 0.712121 0.466330 0.030303 0.016835
0 0.752020 0.452525 0.021212 0.010774