0 0.597872 0.811802 0.061702 0.073365
0 0.705851 0.826156 0.071277 0.079745
0 0.643617 0.692982 0.040426 0.049442
0 0.906383 0.836523 0.053191 0.055821
0 0.957979 0.871611 0.045745 0.059011
0 0.682979 0.968102 0.076596 0.057416
0 0.844681 0.764753 0.031915 0.039872
0 0.826596 0.751994 0.012766 0.030303
0 0.902660 0.767943 0.032979 0.033493
0 0.880851 0.755183 0.021277 0.030303
0 0.864362 0.744019 0.015957 0.036683
0 0.926064 0.744019 0.024468 0.033493
0 0.957979 0.722488 0.024468 0.035088
0 0.593085 0.604466 0.026596 0.035088
0 0.638830 0.606858 0.026596 0.030303
0 0.629787 0.650718 0.034043 0.035088
0 0.572340 0.712919 0.044681 0.063796
3 0.570213 0.654705 0.034043 0.059011
3 0.235638 0.673046 0.047872 0.063796
3 0.090426 0.767145 0.180851 0.287081
3 0.946277 0.657097 0.035106 0.041467