0 0.507778 0.802491 0.133333 0.153025
0 0.631667 0.820285 0.094444 0.110320
1 0.596667 0.598754 0.091111 0.158363
0 0.196111 0.753559 0.223333 0.297153
0 0.776667 0.666370 0.071111 0.097865
0 0.662222 0.626335 0.057778 0.078292
0 0.843889 0.640569 0.063333 0.099644
0 0.727778 0.642349 0.046667 0.096085
0 0.662778 0.543594 0.036667 0.062278
0 0.726667 0.571174 0.057778 0.060498
0 0.766667 0.561388 0.046667 0.062278
0 0.847778 0.565836 0.060000 0.046263
0 0.867222 0.508007 0.047778 0.072954
0 0.792222 0.515125 0.035556 0.055160
2 0.047778 0.789146 0.026667 0.208185
2 0.030000 0.797153 0.031111 0.199288