0 0.505859 0.858586 0.116406 0.123457
0 0.223438 0.848485 0.100000 0.098765
0 0.285156 0.835017 0.076563 0.085297
0 0.090234 0.840629 0.144531 0.166105
0 0.688672 0.820988 0.052344 0.077441
0 0.426563 0.838945 0.079687 0.088664
0 0.770703 0.804153 0.052344 0.052750
0 0.721875 0.804153 0.031250 0.072952
0 0.630859 0.825477 0.075781 0.106622
0 0.583594 0.827722 0.032813 0.097643
0 0.334375 0.826038 0.073438 0.092031
0 0.178125 0.809203 0.067187 0.074074
0 0.019141 0.821549 0.035156 0.085297
0 0.379688 0.824916 0.025000 0.080808