0 0.833203 0.791667 0.133594 0.136111
0 0.931641 0.812500 0.135156 0.197222
0 0.063281 0.781944 0.123438 0.213889
0 0.082422 0.760417 0.122656 0.179167
0 0.842187 0.724306 0.135937 0.070833
0 0.640625 0.720833 0.050000 0.050000
0 0.603516 0.705556 0.049219 0.055556
2 0.607031 0.808333 0.031250 0.188889
2 0.626172 0.822917 0.025781 0.162500
0 0.155078 0.777083 0.058594 0.137500
0 0.308594 0.706250 0.076563 0.068056
0 0.355078 0.707639 0.011719 0.054167
0 0.450781 0.709028 0.029687 0.037500
0 0.371094 0.709722 0.015625 0.055556
0 0.504297 0.695833 0.016406 0.022222
0 0.569531 0.706250 0.032813 0.048611