0 0.157031 0.691667 0.060937 0.064286
0 0.057031 0.686905 0.051562 0.054762
0 0.205469 0.854762 0.079687 0.085714
0 0.535156 0.754762 0.051562 0.080952
0 0.604688 0.804762 0.059375 0.095238
3 0.305469 0.886905 0.092188 0.135714
0 0.360156 0.709524 0.048438 0.057143
0 0.408594 0.841667 0.060937 0.078571
3 0.418750 0.634524 0.037500 0.054762
3 0.590625 0.560714 0.015625 0.040476
0 0.209375 0.626190 0.028125 0.033333
0 0.282031 0.613095 0.026562 0.040476
0 0.368750 0.626190 0.028125 0.033333
0 0.464062 0.678571 0.034375 0.038095
0 0.546094 0.651190 0.029687 0.045238
0 0.392969 0.571429 0.017188 0.023810
0 0.541406 0.582143 0.017188 0.026190
0 0.516406 0.619048 0.020313 0.028571
0 0.494531 0.633333 0.026562 0.042857
0 0.471094 0.620238 0.017188 0.026190