0 0.063281 0.888626 0.104688 0.090047
0 0.645703 0.794431 0.058594 0.072275
0 0.215625 0.682464 0.046875 0.047393
0 0.597266 0.715047 0.042969 0.053318
0 0.889062 0.709123 0.045312 0.062796
0 0.775000 0.728673 0.042188 0.052133
0 0.216406 0.775474 0.082812 0.098341
0 0.353516 0.672393 0.047656 0.058057
1 0.164844 0.628555 0.084375 0.107820
0 0.636719 0.669431 0.032813 0.042654
0 0.287109 0.623223 0.030469 0.028436
0 0.345313 0.627962 0.032813 0.026066
0 0.419922 0.621445 0.021094 0.029621
0 0.442578 0.635664 0.030469 0.029621
0 0.407422 0.597156 0.016406 0.023697
0 0.394141 0.588270 0.013281 0.022512
0 0.364453 0.599526 0.024219 0.026066
0 0.437109 0.577014 0.021094 0.023697
0 0.485938 0.571090 0.020313 0.028436
0 0.854688 0.611967 0.020313 0.039100
0 0.807031 0.606635 0.018750 0.021327
0 0.771094 0.639218 0.029687 0.036730
0 0.724219 0.624408 0.023438 0.028436
0 0.707812 0.581754 0.018750 0.021327
0 0.990234 0.650474 0.013281 0.042654
0 0.982422 0.612559 0.027344 0.033175
0 0.923438 0.604265 0.025000 0.028436
0 0.902734 0.584716 0.019531 0.015403
0 0.892578 0.573460 0.010156 0.016588
0 0.880469 0.560427 0.014063 0.018957
0 0.854297 0.565166 0.016406 0.018957
0 0.827734 0.552725 0.014844 0.020142
0 0.805859 0.568128 0.014844 0.015403
0 0.750000 0.563389 0.014063 0.017773
0 0.771875 0.595972 0.028125 0.037915
0 0.102734 0.551540 0.017969 0.024882
0 0.553906 0.570498 0.018750 0.027251
0 0.542969 0.591232 0.014063 0.035545
0 0.584766 0.570498 0.013281 0.020142
0 0.606250 0.574052 0.014063 0.015403
0 0.505078 0.554502 0.010156 0.035545