0 0.536328 0.742673 0.053906 0.080891
0 0.058594 0.678195 0.051562 0.055100
0 0.408984 0.830012 0.061719 0.077374
0 0.157812 0.684056 0.060937 0.062134
3 0.306250 0.874560 0.095312 0.143025
0 0.605859 0.793083 0.058594 0.094959
0 0.362500 0.698124 0.048438 0.055100
0 0.207813 0.842321 0.081250 0.087925
3 0.422266 0.628370 0.036719 0.051583
3 0.591016 0.550410 0.017969 0.038687
0 0.210156 0.622509 0.028125 0.035170
0 0.283984 0.610199 0.032031 0.033998
0 0.370312 0.618992 0.028125 0.035170
0 0.387109 0.580305 0.022656 0.021102
0 0.467187 0.672919 0.035937 0.044549
0 0.492969 0.620750 0.023438 0.041032
0 0.513281 0.603165 0.015625 0.026964
0 0.542969 0.645955 0.028125 0.037515
0 0.557031 0.615475 0.020313 0.030481
0 0.472656 0.606682 0.025000 0.029308
0 0.432422 0.561547 0.019531 0.021102
0 0.469922 0.558030 0.014844 0.018757
0 0.542188 0.577960 0.018750 0.025791