0 0.268750 0.943169 0.071875 0.087432
0 0.405469 0.863934 0.060937 0.071038
0 0.713281 0.909290 0.075000 0.072131
0 0.425000 0.752459 0.043750 0.053552
1 0.203516 0.816393 0.111719 0.163934
0 0.313281 0.855191 0.064062 0.075410
0 0.585938 0.795082 0.048438 0.057923
1 0.742578 0.748634 0.078906 0.137705
0 0.592969 0.892896 0.065625 0.076503
0 0.388281 0.980328 0.078125 0.037158
0 0.622266 0.838798 0.055469 0.064481
0 0.669531 0.807104 0.048438 0.060109
0 0.319531 0.798907 0.056250 0.048087
0 0.358203 0.734426 0.041406 0.052459
0 0.371094 0.703279 0.032813 0.036066
0 0.389062 0.680874 0.032813 0.030601
0 0.384375 0.693989 0.034375 0.032787
0 0.448828 0.681967 0.035156 0.039344
0 0.439844 0.705464 0.035937 0.036066
0 0.561719 0.731694 0.035937 0.042623
0 0.530859 0.655738 0.022656 0.034973
0 0.550391 0.687432 0.027344 0.032787
0 0.598047 0.671038 0.022656 0.028415
0 0.613281 0.696175 0.026562 0.034973
0 0.641016 0.725137 0.035156 0.042623
0 0.610547 0.751913 0.041406 0.043716
0 0.645312 0.774317 0.034375 0.042623
0 0.614062 0.949727 0.104688 0.091803
1 0.891406 0.935519 0.107813 0.120219
1 0.718750 0.706557 0.065625 0.106011
1 0.577734 0.641530 0.032031 0.048087