0 0.180469 0.741979 0.117188 0.098930
0 0.268359 0.777184 0.105469 0.112299
0 0.880469 0.736185 0.100000 0.094474
0 0.867188 0.864082 0.148438 0.136364
0 0.392969 0.616310 0.053125 0.052585
0 0.729688 0.678699 0.075000 0.077540
0 0.691406 0.629679 0.056250 0.050802
0 0.328906 0.592692 0.045312 0.046346
0 0.909375 0.685383 0.089063 0.094474
0 0.351172 0.685383 0.083594 0.092692
0 0.783594 0.634135 0.056250 0.054367
0 0.846875 0.614082 0.056250 0.042781
0 0.778516 0.569519 0.041406 0.032086
0 0.730078 0.586007 0.041406 0.034759
0 0.648047 0.569519 0.038281 0.032086
0 0.687500 0.545900 0.029687 0.024064
0 0.734375 0.539216 0.034375 0.028520
0 0.711328 0.524955 0.024219 0.019608
0 0.657422 0.514706 0.032031 0.024064
0 0.635547 0.537433 0.030469 0.028520
0 0.619922 0.523619 0.022656 0.024064
0 0.606250 0.502228 0.018750 0.016934
0 0.412891 0.575312 0.042969 0.041889
0 0.458984 0.533422 0.033594 0.027629
0 0.428516 0.518717 0.017969 0.033868
0 0.358203 0.523619 0.025781 0.027629
0 0.473047 0.512923 0.027344 0.022282
0 0.448437 0.496435 0.021875 0.016043
0 0.391797 0.491533 0.024219 0.015152
0 0.428516 0.480392 0.017969 0.017825
3 0.327344 0.543672 0.048438 0.039216
3 0.397266 0.528966 0.044531 0.056150
3 0.646875 0.495989 0.026562 0.040107