0 0.509375 0.517188 0.067187 0.038542
3 0.270703 0.659896 0.410156 0.292708
0 0.643750 0.484896 0.065625 0.028125
0 0.605859 0.518229 0.047656 0.032292
0 0.579688 0.508854 0.040625 0.034375
3 0.683203 0.493750 0.114844 0.050000
3 0.525391 0.481250 0.022656 0.035417
3 0.472266 0.480729 0.058594 0.036458
3 0.355078 0.505208 0.257031 0.125000
3 0.289062 0.473438 0.240625 0.109375
3 0.083203 0.481250 0.164844 0.135417
2 0.132812 0.507292 0.023438 0.064583
2 0.169531 0.555729 0.051562 0.053125
2 0.119922 0.567708 0.049219 0.089583
2 0.029297 0.669271 0.057031 0.278125