0 0.808594 0.914062 0.103125 0.109375
0 0.584375 0.884896 0.095312 0.105208
0 0.418750 0.800000 0.081250 0.091667
0 0.516016 0.768750 0.072656 0.079167
0 0.712109 0.793229 0.085156 0.094792
0 0.553516 0.711979 0.064844 0.071875
0 0.517969 0.678125 0.054688 0.060417
0 0.316016 0.631771 0.047656 0.057292
0 0.980859 0.668229 0.036719 0.059375
0 0.629297 0.740104 0.080469 0.107292
0 0.915234 0.587500 0.036719 0.037500
0 0.655469 0.617188 0.048438 0.053125
0 0.472656 0.582812 0.039062 0.042708
0 0.494922 0.610938 0.044531 0.042708
0 0.430078 0.655208 0.050781 0.054167
0 0.387891 0.629167 0.047656 0.043750
0 0.392188 0.589583 0.042188 0.033333
0 0.350391 0.539062 0.032031 0.034375
0 0.332422 0.568750 0.035156 0.050000
0 0.263672 0.551562 0.032031 0.034375
0 0.242578 0.565625 0.036719 0.041667
0 0.203125 0.481250 0.029687 0.043750
0 0.417187 0.532813 0.035937 0.038542
0 0.579297 0.511458 0.030469 0.043750
0 0.406641 0.481771 0.028906 0.028125
0 0.180078 0.417708 0.024219 0.025000
0 0.228516 0.443229 0.024219 0.032292
0 0.658203 0.498958 0.032031 0.035417
0 0.550000 0.451042 0.023438 0.022917
0 0.514844 0.442708 0.026562 0.027083
0 0.485547 0.438021 0.022656 0.026042
0 0.448047 0.427083 0.025781 0.025000
0 0.298047 0.440104 0.022656 0.026042
0 0.265234 0.414062 0.021094 0.028125
0 0.375391 0.442708 0.021094 0.029167
0 0.342969 0.398958 0.021875 0.033333
0 0.331641 0.373958 0.017969 0.027083
0 0.981641 0.507812 0.017969 0.026042
0 0.963672 0.494271 0.032031 0.030208
0 0.926172 0.481771 0.027344 0.026042
0 0.901563 0.436979 0.025000 0.026042
3 0.570703 0.628125 0.058594 0.114583
3 0.291016 0.585938 0.052344 0.069792
3 0.341406 0.461458 0.046875 0.087500
3 0.273047 0.483854 0.044531 0.065625
3 0.611328 0.502083 0.027344 0.047917
3 0.538281 0.409375 0.021875 0.029167
3 0.291406 0.412500 0.023438 0.041667
3 0.250391 0.389062 0.025781 0.042708
1 0.850000 0.430208 0.032813 0.041667
2 0.190625 0.669792 0.025000 0.054167
4 0.189844 0.689583 0.026562 0.045833
0 0.292187 0.828125 0.087500 0.133333