0 0.313636 0.838047 0.198990 0.129966
0 0.527778 0.567340 0.071717 0.041077
0 0.363131 0.651515 0.116162 0.073401
0 0.025253 0.495286 0.042424 0.026263
0 0.019697 0.464310 0.031313 0.020875
0 0.103535 0.473401 0.035354 0.016162
0 0.125253 0.487879 0.054545 0.023569
0 0.370707 0.468013 0.034343 0.016162
0 0.325253 0.460606 0.032323 0.016162
0 0.712121 0.467003 0.030303 0.016835
0 0.750505 0.451852 0.022222 0.010774
0 0.564141 0.453199 0.021212 0.010774
0 0.512626 0.436027 0.019192 0.010101
0 0.157071 0.439057 0.031313 0.012121
0 0.188384 0.440067 0.027273 0.010101
0 0.133838 0.437037 0.029293 0.012121