0 0.906250 0.826778 0.181250 0.282905
0 0.261328 0.704992 0.032031 0.114977
0 0.314844 0.737519 0.100000 0.177005
0 0.371875 0.736006 0.032813 0.170953
0 0.766016 0.760212 0.121094 0.261725
0 0.976953 0.878215 0.041406 0.228442
0 0.621484 0.735250 0.072656 0.175492
4 0.171875 0.779879 0.051562 0.134644
4 0.641016 0.786687 0.039844 0.081694
4 0.127344 0.751891 0.032813 0.130106
0 0.075391 0.718608 0.089844 0.220877
2 0.070312 0.804841 0.068750 0.375189
2 0.021875 0.712557 0.035937 0.202723
2 0.649219 0.736006 0.034375 0.146747
2 0.124609 0.702723 0.030469 0.128593
2 0.175391 0.719365 0.044531 0.186082