0 0.082422 0.891667 0.163281 0.213889
0 0.642969 0.865278 0.089063 0.091667
0 0.838281 0.853472 0.081250 0.056944
0 0.308984 0.843056 0.066406 0.072222
0 0.932813 0.895139 0.131250 0.179167
0 0.418359 0.850000 0.066406 0.102778
0 0.385156 0.818750 0.021875 0.034722
0 0.597656 0.832639 0.026562 0.037500
0 0.573047 0.824306 0.022656 0.031944
0 0.550391 0.821528 0.021094 0.026389
0 0.532031 0.820139 0.017188 0.026389
0 0.518359 0.826389 0.022656 0.025000
0 0.499609 0.819444 0.016406 0.022222
0 0.487500 0.819444 0.010937 0.016667
0 0.471094 0.821528 0.014063 0.020833
0 0.460156 0.815972 0.012500 0.015278
3 0.705469 0.830556 0.062500 0.061111