0 0.807692 0.912821 0.102564 0.109402
0 0.583333 0.885470 0.094872 0.105983
0 0.418590 0.799145 0.080769 0.090598
0 0.712821 0.792308 0.084615 0.094017
0 0.516026 0.767521 0.073077 0.078632
0 0.292308 0.836752 0.089744 0.114530
0 0.553205 0.711111 0.065385 0.071795
0 0.517308 0.677778 0.055128 0.059829
0 0.316026 0.631624 0.047436 0.056410
0 0.628205 0.739316 0.079487 0.107692
0 0.980128 0.667521 0.037179 0.056410
0 0.202564 0.477778 0.030769 0.046154
0 0.429487 0.653846 0.053846 0.059829
0 0.387179 0.627350 0.041026 0.051282
0 0.914744 0.582906 0.034615 0.044444
0 0.985897 0.505983 0.023077 0.030769
0 0.963462 0.491453 0.026923 0.029060
0 0.926282 0.475214 0.032051 0.037607
0 0.900000 0.436752 0.025641 0.029060
0 0.653846 0.616239 0.043590 0.049573
0 0.658333 0.495726 0.032051 0.037607
0 0.578205 0.509402 0.028205 0.041026
0 0.494231 0.606838 0.047436 0.041026
0 0.471154 0.583761 0.039744 0.039316
0 0.350000 0.537607 0.035897 0.039316
0 0.328846 0.568376 0.039744 0.056410
0 0.178846 0.416239 0.026923 0.029060
0 0.228205 0.441880 0.023077 0.032479
0 0.416667 0.531624 0.033333 0.044444
0 0.398718 0.578632 0.041026 0.042735
0 0.396795 0.593162 0.037179 0.044444
0 0.408974 0.479487 0.033333 0.029060
0 0.375000 0.441026 0.024359 0.034188
0 0.297436 0.436752 0.025641 0.029060
0 0.550641 0.447863 0.024359 0.030769
0 0.512821 0.441880 0.025641 0.025641
0 0.483974 0.439316 0.024359 0.027350
0 0.448718 0.427350 0.023077 0.023932
0 0.342308 0.397436 0.023077 0.032479
0 0.264103 0.412821 0.023077 0.035897
3 0.344872 0.464103 0.046154 0.090598
3 0.272436 0.483761 0.044872 0.071795
3 0.291667 0.584615 0.044872 0.068376
3 0.457051 0.552137 0.047436 0.061538
3 0.569872 0.625641 0.055128 0.123077
3 0.611538 0.504274 0.028205 0.047863
0 0.242308 0.565812 0.035897 0.047863
0 0.263462 0.546154 0.026923 0.039316
3 0.848077 0.430769 0.032051 0.044444