0 0.808594 0.778646 0.144531 0.151042
0 0.588379 0.793620 0.157227 0.154948
0 0.326172 0.812500 0.166016 0.161458
0 0.174805 0.731771 0.125000 0.135417
0 0.675293 0.736979 0.127930 0.132812
0 0.747559 0.921875 0.227539 0.151042
0 0.944336 0.822917 0.107422 0.213542
0 0.895508 0.650391 0.111328 0.105469
0 0.458008 0.738932 0.132812 0.165365
0 0.197266 0.643880 0.095703 0.105469
0 0.080566 0.673828 0.104492 0.126302
0 0.239746 0.591146 0.075195 0.098958
0 0.448242 0.552734 0.066406 0.069010
0 0.279785 0.469401 0.045898 0.053385
0 0.945801 0.622396 0.086914 0.088542
0 0.817383 0.574219 0.070312 0.093750
0 0.908691 0.565104 0.090820 0.065104
0 0.625000 0.576823 0.082031 0.098958
0 0.503906 0.564453 0.058594 0.063802
0 0.126465 0.525391 0.065430 0.079427
0 0.551758 0.574219 0.072266 0.075521
0 0.744141 0.600911 0.095703 0.118490
0 0.179199 0.500651 0.047852 0.061198
0 0.711914 0.516927 0.046875 0.049479
0 0.155762 0.537760 0.077148 0.062500
0 0.033203 0.489583 0.054688 0.065104
0 0.024902 0.557292 0.049805 0.070312
0 0.678711 0.587891 0.046875 0.118490
0 0.471191 0.486328 0.030273 0.032552
0 0.497070 0.507161 0.031250 0.024740
0 0.528320 0.511719 0.046875 0.028646
0 0.566406 0.478516 0.041016 0.042969
0 0.526855 0.446615 0.040039 0.031250
0 0.597168 0.446615 0.032227 0.031250
0 0.632324 0.486328 0.055664 0.050781
0 0.632812 0.401042 0.033203 0.036458
0 0.560547 0.393229 0.037109 0.036458
0 0.534668 0.411458 0.043945 0.031250
0 0.232422 0.486328 0.046875 0.040365
0 0.216797 0.443359 0.050781 0.032552
0 0.222656 0.391276 0.039062 0.032552
0 0.173828 0.350260 0.039062 0.046875
0 0.302246 0.383464 0.034180 0.037760
1 0.415527 0.507812 0.081055 0.101562
1 0.676758 0.447917 0.058594 0.101562
3 0.105957 0.449870 0.081055 0.134115
2 0.020996 0.639974 0.032227 0.082031
4 0.020020 0.662109 0.026367 0.069010