0 0.598437 0.812061 0.062500 0.073770
0 0.707031 0.826698 0.071875 0.079625
0 0.573438 0.709602 0.043750 0.070258
0 0.643750 0.693794 0.040625 0.050351
0 0.908594 0.836651 0.053125 0.055035
0 0.957812 0.871780 0.043750 0.059719
0 0.680078 0.968970 0.083594 0.052693
0 0.592578 0.607143 0.021094 0.036300
0 0.629687 0.654567 0.031250 0.032787
0 0.639844 0.607728 0.021875 0.032787
0 0.904687 0.775176 0.037500 0.037471
0 0.846875 0.769321 0.032813 0.039813
0 0.878906 0.760539 0.021875 0.029274
0 0.926562 0.742389 0.029687 0.037471
0 0.901563 0.728923 0.023438 0.036300
0 0.958203 0.721897 0.022656 0.033958
3 0.946875 0.656909 0.031250 0.049180
3 0.238281 0.673888 0.045312 0.062061
3 0.091406 0.769321 0.181250 0.276347