0 0.861328 0.835480 0.172656 0.115925
0 0.585156 0.716042 0.132812 0.092506
0 0.592187 0.885246 0.207813 0.154567
1 0.246484 0.593677 0.128906 0.114754
0 0.517188 0.803279 0.153125 0.105386
0 0.957031 0.777518 0.082812 0.114754
0 0.927344 0.633489 0.053125 0.051522
0 0.930469 0.703747 0.121875 0.091335
0 0.271875 0.754684 0.168750 0.085480
0 0.635547 0.656909 0.097656 0.063232
0 0.748828 0.769321 0.146094 0.093677
0 0.726953 0.611827 0.055469 0.055035
0 0.826953 0.522834 0.063281 0.048009
0 0.882422 0.576112 0.039844 0.046838
0 0.044141 0.884660 0.088281 0.113583
0 0.824219 0.576112 0.039062 0.051522
0 0.982031 0.624707 0.034375 0.069087
0 0.767188 0.709602 0.114062 0.065574
0 0.855078 0.628806 0.049219 0.063232
0 0.503516 0.676815 0.117969 0.088993
0 0.763281 0.560890 0.034375 0.044496
0 0.744141 0.533372 0.038281 0.040984
0 0.678125 0.474239 0.018750 0.025761
0 0.699219 0.471897 0.018750 0.025761
0 0.730469 0.475410 0.018750 0.018735
0 0.739453 0.487119 0.028906 0.018735
0 0.757812 0.504098 0.028125 0.026932
0 0.811719 0.460773 0.035937 0.026932
0 0.472656 0.508782 0.048438 0.033958
0 0.487891 0.487705 0.021094 0.024590
0 0.506250 0.477752 0.015625 0.025761
0 0.525781 0.490047 0.021875 0.024590
0 0.549609 0.491218 0.021094 0.022248
0 0.575781 0.486534 0.018750 0.024590
0 0.080469 0.616511 0.084375 0.038642
0 0.115234 0.666862 0.103906 0.094848
0 0.169141 0.594262 0.036719 0.059719
1 0.358984 0.555621 0.089844 0.101874
1 0.317969 0.531616 0.076563 0.060890
1 0.088672 0.467213 0.053906 0.046838
1 0.036328 0.594848 0.072656 0.086651
1 0.013281 0.619438 0.026562 0.079625
1 0.160547 0.561475 0.105469 0.066745
1 0.227344 0.854801 0.229687 0.177986
0 0.771094 0.637588 0.057813 0.076112
2 0.839844 0.944379 0.045312 0.104215
2 0.897266 0.518735 0.008594 0.044496
2 0.262109 0.524590 0.010156 0.032787
0 0.641016 0.508197 0.035156 0.035129