0 0.798047 0.804318 0.107031 0.101671
0 0.832031 0.759053 0.092188 0.094708
0 0.953516 0.885794 0.091406 0.097493
0 0.544141 0.674791 0.055469 0.068245
0 0.609766 0.661560 0.058594 0.047354
0 0.649609 0.727019 0.077344 0.083565
0 0.704297 0.710306 0.083594 0.094708
0 0.650391 0.511838 0.046094 0.040390
0 0.826953 0.467270 0.038281 0.034819
0 0.695703 0.446379 0.032031 0.029248
0 0.597656 0.477716 0.043750 0.038997
0 0.562500 0.476323 0.023438 0.030641
0 0.529687 0.467270 0.026562 0.026462
0 0.446094 0.495822 0.037500 0.027855
0 0.429688 0.484680 0.028125 0.041783
2 0.294922 0.965877 0.027344 0.065460
2 0.108594 0.677577 0.014063 0.051532
2 0.082422 0.685933 0.013281 0.062674