0 0.532813 0.707627 0.164062 0.180387
0 0.895703 0.677966 0.152344 0.118644
0 0.300000 0.637409 0.078125 0.107748
0 0.656641 0.654964 0.080469 0.079903
2 0.102344 0.637409 0.040625 0.131961
0 0.166016 0.616828 0.038281 0.056901
0 0.198828 0.605932 0.025781 0.037530
0 0.235156 0.612591 0.039062 0.050847
0 0.253125 0.628329 0.025000 0.060533
0 0.360156 0.616223 0.034375 0.041162
0 0.446875 0.618039 0.034375 0.066586
0 0.601953 0.674334 0.053906 0.142857
1 0.561719 0.585956 0.076563 0.070218
1 0.382031 0.608354 0.043750 0.076271