0 0.576562 0.739583 0.118750 0.193056
0 0.566797 0.609028 0.044531 0.068056
0 0.606250 0.645139 0.054688 0.090278
0 0.311328 0.672917 0.077344 0.112500
0 0.465625 0.599306 0.042188 0.059722
0 0.522656 0.588194 0.032813 0.045833
4 0.414062 0.639583 0.015625 0.034722
4 0.389453 0.655556 0.017969 0.041667
4 0.371875 0.643056 0.012500 0.038889
4 0.355469 0.674306 0.017188 0.043056
4 0.253125 0.667361 0.017188 0.040278
4 0.488281 0.734028 0.035937 0.090278
4 0.661328 0.667361 0.024219 0.065278
4 0.681250 0.653472 0.020313 0.059722
2 0.660937 0.639583 0.017188 0.076389
2 0.677344 0.622222 0.018750 0.075000
2 0.487891 0.686111 0.030469 0.127778
2 0.252344 0.641667 0.015625 0.066667
2 0.116016 0.659028 0.019531 0.093056
2 0.355078 0.638194 0.014844 0.084722
2 0.371875 0.618056 0.009375 0.052778
2 0.390625 0.624306 0.012500 0.068056
2 0.413281 0.613889 0.010937 0.047222