0 0.797266 0.814453 0.111719 0.092448
0 0.952734 0.889974 0.092969 0.095052
0 0.830078 0.773438 0.097656 0.083333
0 0.608984 0.690104 0.074219 0.057292
0 0.541797 0.691406 0.060156 0.065104
0 0.645703 0.739583 0.075781 0.083333
0 0.705469 0.717448 0.078125 0.088542
0 0.647266 0.543620 0.046094 0.037760
0 0.823047 0.498698 0.039844 0.041667
0 0.792188 0.488281 0.031250 0.039062
0 0.889453 0.479167 0.024219 0.031250
0 0.695703 0.475911 0.032031 0.027344
0 0.703125 0.492839 0.023438 0.019531
0 0.599609 0.507812 0.046094 0.036458
0 0.563672 0.507812 0.027344 0.028646
0 0.541797 0.527995 0.036719 0.029948
0 0.511328 0.520833 0.022656 0.026042
0 0.535156 0.501953 0.025000 0.019531
0 0.446875 0.531250 0.037500 0.028646
0 0.473438 0.539062 0.048438 0.036458
3 0.437891 0.519531 0.052344 0.046875
2 0.291797 0.962891 0.022656 0.063802
2 0.108203 0.697917 0.014844 0.054688
2 0.082031 0.703776 0.015625 0.058594