0 0.497656 0.839860 0.051562 0.057343
4 0.331250 0.893007 0.050000 0.093706
2 0.340234 0.846154 0.039844 0.109091
0 0.729297 0.879021 0.072656 0.138462
0 0.654687 0.832867 0.029687 0.029371
0 0.631641 0.826573 0.019531 0.025175
4 0.612500 0.844755 0.012500 0.039161
4 0.583203 0.841259 0.010156 0.026573
4 0.569141 0.849650 0.013281 0.040559
4 0.532031 0.873427 0.023438 0.062937
2 0.530859 0.848951 0.016406 0.061538
2 0.568750 0.830769 0.010937 0.041958
2 0.583203 0.821678 0.008594 0.037762
2 0.614062 0.829371 0.009375 0.047552
2 0.882812 0.890909 0.026562 0.139860