0 0.773828 0.748373 0.055469 0.060738
0 0.439453 0.740239 0.058594 0.057484
1 0.686328 0.805857 0.039844 0.134490
0 0.534375 0.738612 0.051562 0.049892
3 0.166406 0.688178 0.064062 0.096529
3 0.247656 0.697397 0.054688 0.104121
3 0.635156 0.722885 0.046875 0.068330
3 0.446484 0.699024 0.036719 0.046638
3 0.563672 0.716377 0.041406 0.048807
0 0.732812 0.730477 0.032813 0.046638
0 0.482422 0.728308 0.039844 0.044469
0 0.239063 0.729935 0.048438 0.047722
0 0.301563 0.721258 0.039062 0.043384
0 0.329688 0.712581 0.026562 0.041215
5 0.682813 0.861171 0.029687 0.104121