0 0.508984 0.540179 0.130469 0.177296
0 0.846875 0.542092 0.121875 0.119898
4 0.744922 0.447066 0.125781 0.315051
1 0.011719 0.519770 0.021875 0.126276
1 0.067578 0.530612 0.019531 0.091837
0 0.072656 0.536352 0.050000 0.065051
0 0.096484 0.520408 0.033594 0.073980
0 0.216016 0.533801 0.132031 0.090561
0 0.263672 0.519133 0.063281 0.076531
0 0.374609 0.524235 0.113281 0.204082
0 0.444922 0.536352 0.036719 0.108418
0 0.584375 0.549745 0.046875 0.135204
0 0.599219 0.521684 0.054688 0.130102
0 0.629687 0.512117 0.028125 0.149235
4 0.619141 0.494260 0.080469 0.174745