0 0.111328 0.816875 0.163281 0.226250
0 0.735547 0.863125 0.199219 0.241250
0 0.441016 0.884375 0.183594 0.216250
0 0.895703 0.483750 0.111719 0.157500
0 0.421484 0.476875 0.128906 0.133750
0 0.611719 0.518750 0.125000 0.150000
0 0.528125 0.686875 0.162500 0.203750
0 0.814844 0.668125 0.154688 0.193750
0 0.455469 0.390000 0.110937 0.117500
0 0.052344 0.412500 0.103125 0.112500
0 0.667969 0.402500 0.090625 0.125000
0 0.739453 0.295625 0.088281 0.118750
0 0.866016 0.399375 0.094531 0.128750
0 0.605859 0.251875 0.077344 0.108750
0 0.841797 0.135000 0.058594 0.082500
0 0.719141 0.135000 0.066406 0.080000
0 0.769531 0.061875 0.051562 0.066250
0 0.317188 0.225625 0.082812 0.093750
0 0.250781 0.171875 0.075000 0.083750
4 0.940625 0.153125 0.110937 0.253750