0 0.808203 0.871194 0.066406 0.065574
0 0.617969 0.940281 0.070312 0.084309
0 0.890625 0.953747 0.104688 0.087822
0 0.506250 0.911007 0.054688 0.058548
0 0.316016 0.917447 0.060156 0.083138
0 0.227344 0.812646 0.040625 0.056206
0 0.275000 0.980094 0.081250 0.037471
0 0.936719 0.827283 0.065625 0.052693
0 0.216016 0.949649 0.080469 0.093677
0 0.405859 0.858899 0.050781 0.071429
0 0.645703 0.787471 0.039844 0.045667
0 0.129688 0.926815 0.095312 0.127635
0 0.297656 0.826112 0.042188 0.050351
0 0.281641 0.789227 0.027344 0.049180
0 0.358203 0.814403 0.038281 0.052693
0 0.422656 0.784543 0.031250 0.037471
0 0.399609 0.760539 0.024219 0.031616
0 0.313672 0.771663 0.024219 0.035129
0 0.333594 0.726581 0.015625 0.024590
0 0.359375 0.766393 0.032813 0.019906
0 0.169531 0.867681 0.045312 0.049180
0 0.500781 0.852459 0.037500 0.046838
0 0.495703 0.813817 0.027344 0.021077
0 0.491797 0.789227 0.035156 0.039813
0 0.537891 0.757026 0.030469 0.038642
0 0.589844 0.778103 0.026562 0.036300
0 0.740234 0.776932 0.030469 0.031616
0 0.407422 0.727166 0.024219 0.039813
3 0.537891 0.675644 0.032031 0.049180
3 0.192188 0.745902 0.148438 0.072600