0 0.759821 0.651471 0.194643 0.202941
0 0.217857 0.510294 0.089286 0.091176
0 0.628571 0.608824 0.121429 0.176471
0 0.363393 0.697059 0.208929 0.235294
0 0.403571 0.567647 0.121429 0.094118
0 0.407143 0.497059 0.128571 0.076471
0 0.408929 0.439706 0.085714 0.055882
0 0.408929 0.382353 0.078571 0.058824
0 0.308036 0.357353 0.058929 0.061765
0 0.320536 0.273529 0.044643 0.052941
0 0.395536 0.230882 0.037500 0.055882
0 0.463393 0.211765 0.037500 0.047059
0 0.454464 0.148529 0.033929 0.038235
4 0.401786 0.150000 0.046429 0.094118