0 0.568182 0.957338 0.090909 0.078498
0 0.829545 0.885666 0.095455 0.112628
0 0.757955 0.829352 0.070455 0.088737
0 0.062500 0.706485 0.056818 0.054608
0 0.647727 0.803754 0.063636 0.078498
0 0.812500 0.715017 0.052273 0.064846
0 0.694318 0.701365 0.052273 0.078498
0 0.892045 0.837884 0.075000 0.085324
0 0.292045 0.960751 0.111364 0.064846
0 0.218182 0.938567 0.104545 0.109215
0 0.484091 0.568259 0.040909 0.051195
0 0.830682 0.670648 0.052273 0.058020
0 0.743182 0.587031 0.036364 0.054608
0 0.921591 0.679181 0.052273 0.075085
0 0.389773 0.773038 0.056818 0.092150
0 0.206818 0.868601 0.077273 0.092150
0 0.418182 0.892491 0.081818 0.092150
0 0.551136 0.749147 0.052273 0.071672
0 0.465909 0.675768 0.045455 0.068259
0 0.425000 0.634812 0.040909 0.054608
0 0.576136 0.614334 0.047727 0.054608
0 0.645455 0.604096 0.036364 0.040956
0 0.521591 0.530717 0.038636 0.037543
0 0.130682 0.668942 0.038636 0.047782
0 0.159091 0.686007 0.040909 0.040956
0 0.240909 0.648464 0.036364 0.040956
0 0.692045 0.518771 0.029545 0.040956
0 0.984091 0.505119 0.022727 0.034130
0 0.880682 0.515358 0.025000 0.034130
0 0.819318 0.501706 0.025000 0.040956
0 0.348864 0.749147 0.043182 0.071672
0 0.339773 0.709898 0.043182 0.054608
0 0.932955 0.571672 0.038636 0.051195
0 0.944318 0.624573 0.043182 0.054608
0 0.569318 0.457338 0.029545 0.040956
0 0.601136 0.459044 0.025000 0.037543
0 0.645455 0.465870 0.027273 0.044369
0 0.628409 0.540956 0.025000 0.044369