0 0.802174 0.707516 0.130435 0.147059
0 0.365217 0.710784 0.186957 0.258170
0 0.652174 0.645425 0.069565 0.081699
0 0.613043 0.611111 0.056522 0.078431
0 0.508696 0.622549 0.078261 0.075163
0 0.392391 0.557190 0.050000 0.042484
0 0.026087 0.563725 0.052174 0.049020
0 0.463043 0.535948 0.039130 0.052288
3 0.516304 0.485294 0.041304 0.068627
3 0.189130 0.500000 0.039130 0.052288
0 0.141304 0.542484 0.034783 0.052288
0 0.198913 0.549020 0.045652 0.052288
0 0.557609 0.550654 0.045652 0.049020
0 0.261957 0.514706 0.032609 0.049020