0 0.634766 0.881690 0.121094 0.146479
0 0.142578 0.878873 0.128906 0.146479
0 0.748047 0.766197 0.089844 0.112676
0 0.672852 0.669014 0.064453 0.070423
0 0.377930 0.852113 0.095703 0.171831
0 0.333008 0.643662 0.056641 0.064789
0 0.103516 0.764789 0.093750 0.104225
0 0.594727 0.716901 0.080078 0.104225
0 0.403320 0.707042 0.072266 0.084507
0 0.872070 0.835211 0.115234 0.177465
0 0.314453 0.763380 0.085938 0.090141
0 0.742188 0.650704 0.058594 0.056338
0 0.255859 0.632394 0.054688 0.064789
0 0.187500 0.671831 0.070312 0.104225
0 0.828125 0.707042 0.085938 0.123944
0 0.968750 0.639437 0.050781 0.056338
0 0.624023 0.573239 0.029297 0.036620
0 0.585938 0.588732 0.035156 0.033803
0 0.549805 0.629577 0.052734 0.047887
0 0.564453 0.667606 0.054688 0.067606
0 0.433594 0.639437 0.046875 0.050704
0 0.364258 0.623944 0.025391 0.059155
0 0.377930 0.601408 0.021484 0.059155
0 0.395508 0.587324 0.021484 0.047887
0 0.053711 0.597183 0.033203 0.050704
0 0.019531 0.602817 0.035156 0.045070
0 0.045898 0.585915 0.048828 0.056338
0 0.519531 0.567606 0.035156 0.047887
3 0.309570 0.539437 0.060547 0.104225