0 0.093548 0.640436 0.106452 0.108959
0 0.800806 0.876513 0.137097 0.140436
0 0.839516 0.519370 0.079032 0.084746
0 0.278226 0.466102 0.062903 0.065375
0 0.670161 0.478208 0.066129 0.079903
0 0.301613 0.785714 0.109677 0.133172
0 0.570968 0.386199 0.051613 0.055690
0 0.031452 0.497579 0.062903 0.065375
0 0.366935 0.434625 0.056452 0.060533
0 0.338710 0.558111 0.077419 0.094431
0 0.194355 0.595642 0.082258 0.092010
0 0.946774 0.464891 0.061290 0.067797
0 0.967742 0.536320 0.058065 0.084746
0 0.746774 0.452785 0.061290 0.072639
0 0.556452 0.642857 0.112903 0.128329
0 0.143548 0.476998 0.064516 0.062954
0 0.432258 0.530266 0.074194 0.067797
0 0.135484 0.433414 0.061290 0.067797
0 0.081452 0.308717 0.037097 0.046005
0 0.137903 0.451574 0.062903 0.065375
0 0.244355 0.377724 0.050000 0.062954
0 0.027419 0.387409 0.054839 0.058111
4 0.788710 0.375303 0.106452 0.179177
4 0.877419 0.374092 0.067742 0.142857
4 0.708065 0.299031 0.058065 0.152542
4 0.661290 0.358354 0.064516 0.101695
4 0.587903 0.297821 0.043548 0.092010
4 0.634677 0.288136 0.033871 0.067797
4 0.651613 0.248184 0.045161 0.089588
4 0.250806 0.302663 0.059677 0.111380
4 0.190323 0.279661 0.041935 0.089588
4 0.310484 0.211864 0.043548 0.084746
4 0.340323 0.295400 0.038710 0.072639
4 0.359677 0.223971 0.038710 0.108959
4 0.512097 0.199758 0.043548 0.070218
0 0.326613 0.358354 0.056452 0.058111
0 0.296774 0.271186 0.035484 0.043584
0 0.145968 0.334140 0.056452 0.087167
0 0.057258 0.227603 0.033871 0.033898
0 0.419355 0.739709 0.116129 0.138015
0 0.518548 0.285714 0.033871 0.038741